95.75
94.50
95.00
95.25
95.00
95.50
94.75
95.00
95.25
94.75
95.00
94.75
94.75
95.25
95.25
95.00
94.75
95.00
95.00
94.50
95.00
94.25
95.00
94.75
94.75
93.75
94.50
94.25
94.50
94.75
94.50
94.75
94.75
94.50
94.50
94.50
94.50
94.50
94.25
93.75
94.25
94.25
94.25
94.25
94.25
94.25
94.00
94.00
94.00
94.00
94.00
93.25
94.00
94.00
93.75
93.50
93.75
93.00
93.75
93.75
93.25
94.00
93.75
93.50
93.75
93.50
93.50
93.00
93.00
93.00
93.25
93.50
93.50
93.25
93.25
92.75
93.25
93.25
93.25
93.25
92.75
92.75
93.25
93.25
92.75
92.75
93.00
93.00
93.00
92.50
93.00
93.00
92.50
92.50
92.75
92.75
92.75
93.25
92.00
92.75
92.50
92.25
92.25
92.50
92.50
92.75
92.25
92.25
92.25
92.25
91.75
92.00
92.25
92.25
92.00
92.50
92.00
92.00
91.75
92.00
92.25
92.25
91.75
92.00
92.25
91.50
92.25
92.25
92.00
92.00
91.75
91.50
91.50
91.50
91.75
91.75
91.50
92.00
91.50
92.00
91.75
91.25
91.50
91.25
91.25
91.75
91.50
91.25
91.75
91.75
90.75
91.25
91.25
91.25
91.50
91.00
91.25
91.50
91.25
91.25
91.50
91.50
91.00
91.00
90.75
91.25
91.00
91.25
90.50
91.00
91.00
90.75
90.75
90.75
91.00
91.25
90.75
90.00
90.50
90.75
90.25
90.00
90.25
90.75
90.00
90.25
90.25
90.25
90.75
90.50
89.75
90.50
90.25
90.50
90.00
90.00
90.25
90.50
90.25
89.75
90.50
90.00
90.25
90.00
90.00
89.75
90.00
90.00
89.50
89.75
90.25
89.75
90.00
89.75
89.75
90.00
90.00
90.00
89.75
90.00
89.50
89.25
89.75
89.50
89.75
89.75
89.75
89.75
89.50
89.50
89.75
89.50
89.00
89.25
89.25
89.00
89.50
89.50
89.50
89.50
89.50
89.25
88.75
89.00
88.75
89.00
89.25
89.25
89.25
89.25
89.25
89.25
88.50
89.00
88.75
89.00
89.00
89.00
88.75
89.00
89.00
88.25
89.00
88.75
88.75
89.00
89.00
88.25
88.75
88.75
88.50
88.50
88.50
88.00
88.50
88.25
88.75
88.25
88.00
88.00
88.00
88.00
88.25
88.00
88.25
88.00
88.25
88.25
87.75
88.25
87.75
88.00
88.25
88.25
87.75
88.25
88.25
87.75
88.25
87.75
87.75
88.00
88.00
88.25
87.75
87.50
87.75
87.75
87.75
87.75
87.25
87.75
87.75
87.50
88.00
87.50
87.75
87.50
87.50
87.00
87.75
87.25
87.50
87.75
87.25
87.50
87.50
86.75
87.00
87.25
87.25
87.50
87.00
86.75
86.75
87.25
86.75
87.00
86.75
86.75
87.25
87.25
87.00
87.25
87.00
87.50
86.75
87.25
87.25
86.50
86.25
86.75
87.25
87.00
86.75
87.00
87.00
85.75
87.00
86.75
87.00
86.75
86.75
86.25
86.75
86.50
86.50
87.00
86.00
86.75
86.50
86.75
86.25
86.25
86.25
85.75
86.00
86.50
86.50
86.50
86.50
86.00
86.00
86.25
86.50
86.25
86.50
86.25
85.75
86.00
86.00
86.00
86.00
86.00
85.50
86.00
86.25
86.00
86.25
86.00
86.25
86.00
85.50
85.75
86.00
85.75
86.00
86.00
85.75
86.00
85.50
85.75
85.75
85.75
85.25
85.75
85.25
85.50
85.50
85.50
85.50
85.75
85.75
85.75
85.25
85.50
85.25
85.25
85.75
85.50
85.25
85.25
85.50
85.50
85.50
85.50
85.25
85.25
85.50
85.25
84.75
84.50
85.25
84.75
85.00
85.50
85.25
85.25
85.00
85.25
85.00
85.25
85.00
85.00
85.00
84.75
85.00
85.25
85.25
84.75
85.25
84.75
84.75
85.00
84.75
85.25
84.75
84.75
84.25
84.75
84.75
84.75
84.75
85.00
84.75
84.75
84.50
84.75
84.75
84.25
84.50
84.50
84.50
84.50
84.75
84.50
84.00
84.50
84.50
84.25
84.25
84.25
84.25
84.00
84.25
84.00
84.25
84.25
84.25
84.25
84.00
84.25
84.00
83.75
84.00
84.50
84.00
83.75
84.00
83.50
83.50
84.00
83.75
83.75
83.50
83.75
83.75
83.75
84.00
83.75
83.50
84.00
83.75
83.75
83.50
83.50
84.00
83.50
83.75
83.75
83.75
83.00
83.50
83.75
83.75
82.75
83.75
83.75
83.75
83.50
83.50
83.50
83.25
83.25
83.50
83.75
83.50
83.75
83.25
83.75
83.50
83.50
83.25
83.75
83.25
83.00
83.25
83.00
83.00
83.50
83.00
83.50
83.25
83.25
83.00
83.25
83.00
83.00
83.00
83.00
82.75
83.00
83.50
83.00
83.25
83.00
83.25
83.25
83.25
83.25
83.00
83.25
82.75
83.00
83.00
82.75
82.75
82.75
83.25
82.75
82.75
82.75
83.00
83.00
82.75
83.00
82.75
83.00
83.00
82.75
82.75
83.25
82.50
83.00
82.75
82.50
82.75
82.25
83.00
82.75
83.00
82.50
82.75
82.75
82.75
82.75
82.75
82.50
83.00
82.25
82.50
82.25
82.75
82.50
82.50
82.50
82.75
82.75
82.00
82.50
82.25
82.75
82.50
82.50
82.25
82.50
82.50
82.00
82.25
82.00
82.50
82.00
82.25
82.50
82.50
81.50
82.25
82.25
82.25
81.75
82.00
82.00
82.00
82.00
82.25
82.00
82.25
82.25
82.00
82.25
82.25
82.25
82.25
82.00
81.75
81.75
82.00
82.25
81.50
82.25
82.00
82.00
81.50
81.75
81.50
82.00
81.75
81.75
81.50
81.75
81.75
82.00
82.00
82.00
82.00
82.00
82.00
81.50
82.00
81.75
81.25
81.75
81.50
81.75
81.50
81.75
81.50
81.25
81.75
81.50
81.75
81.50
81.25
81.50
81.50
81.25
81.50
81.75
81.25
81.50
81.25
81.50
81.50
81.50
81.00
81.25
81.50
81.00
81.00
81.25
81.25
81.00
81.25
81.25
81.50
80.75
80.75
81.00
81.00
81.00
81.25
81.00
81.25
80.75
80.75
80.75
81.00
81.00
81.00
81.25
81.00
80.75
80.75
81.00
81.00
81.00
81.00
80.75
80.50
80.75
80.50
80.75
80.75
80.50
81.00
80.50
80.75
80.75
80.50
80.25
80.50
80.25
80.75
80.75
80.50
80.50
80.50
80.25
80.50
80.50
80.50
80.50
80.00
80.50
80.50
80.50
80.25
80.50
80.25
79.75
80.25
80.25
80.25
80.25
80.25
80.25
80.00
80.00
79.75
80.00
80.00
80.25
80.00
79.75
80.00
80.00
80.00
79.50
80.00
80.00
80.00
80.00
79.75
79.25
80.00
80.00
79.75
80.00
79.75
79.50
79.75
79.75
79.75
79.75
79.50
79.75
79.75
79.75
79.75
79.75
79.75
79.75
79.75
79.25
79.50
79.25
79.25
79.50
79.75
79.50
79.50
79.50
79.50
79.25
78.50
79.50
79.25
79.50
79.25
79.50
79.25
79.50
79.25
79.25
79.25
79.25
79.25
79.00
78.75
79.25
79.25
78.75
78.75
78.75
79.25
78.75
79.25
78.50
79.00
78.50
79.25
78.50
78.50
78.50
79.00
78.75
79.25
78.25
79.00
79.00
79.00
79.00
78.75
79.00
78.25
78.75
79.00
78.50
78.50
78.25
78.50
78.50
78.50
78.25
78.50
78.50
78.75
78.00
78.50
78.50
78.00
78.50
78.75
78.75
78.25
78.25
78.25
78.00
78.00
78.50
78.25
78.25
78.25
78.25
78.00
78.25
78.75
78.25
78.25
78.25
78.25
78.25
78.00
78.25
78.00
78.50
78.50
78.50
78.25
78.25
78.25
78.25
78.00
78.00
78.00
78.00
78.00
78.25
77.75
78.00
78.00
77.50
77.75
78.00
77.75
78.00
78.00
77.75
77.75
78.00
77.75
77.50
78.00
77.75
78.25
77.75
77.75
78.00
78.00
78.00
77.50
78.00
78.25
78.00
78.00
78.00
78.00
78.00
77.75
77.75
77.75
77.75
78.00
78.00
78.00
77.75
77.50
77.25
77.75
77.75
77.75
78.00
77.25
77.00
77.25
77.50
77.75
77.50
77.25
77.50
77.25
77.50
77.75
77.25
77.25
77.00
77.00
77.00
77.25
77.50
76.75
77.50
77.25
76.75
77.25
77.50
77.25
77.25
77.50
77.00
77.50
77.25
77.25
76.75
77.25
76.75
76.75
77.00
76.50
77.00
77.25
76.75
77.25
77.25
77.00
77.25
77.25
77.00
76.75
76.75
77.00
77.00
77.00
77.00
77.00
77.00
77.00
76.25
76.75
77.00
76.75
77.00
76.50
76.75
76.75
77.00
76.75
76.75
77.00
76.25
76.50
76.75
76.75
76.50
76.75
76.50
76.50
76.50
76.50
76.50
76.50
76.50
76.75
76.75
76.75
76.25
76.00
76.00
76.25
76.50
76.25
76.25
76.50
76.00
76.00
76.25
76.50
76.25
76.50
76.25
76.25
76.25
76.25
76.00
76.25
76.00
76.00
76.25
76.00
76.00
75.50
76.00
75.75
76.25
76.25
76.25
75.75
76.25
76.00
75.75
76.25
76.00
76.00
76.25
75.50
76.00
75.50
75.75
75.25
76.00
75.75
76.00
75.50
76.00
75.75
75.50
75.50
76.00
75.75
75.75
75.75
75.25
75.75
75.25
75.25
75.75
75.50
75.50
75.25
75.50
75.50
75.25
74.75
75.50
75.25
75.50
75.50
75.50
75.50
75.50
75.50
75.00
75.50
75.50
75.50
75.25
75.00
75.50
75.50
75.25
75.25
75.25
75.25
75.25
75.25
75.00
75.00
75.25
75.00
75.50
75.00
75.50
75.25
75.25
75.00
75.50
75.00
75.25
74.75
75.25
75.25
75.25
75.25
74.75
75.00
75.25
74.75
75.00
75.00
74.75
74.75
75.00
75.25
75.25
75.00
74.75
75.00
74.50
75.00
75.00
74.75
74.25
74.50
74.50
74.75
74.75
74.75
74.75
74.25
74.50
74.75
74.50
75.00
74.75
75.00
74.50
74.25
74.75
74.00
74.25