28.00
28.00
28.25
28.50
28.75
28.50
28.50
29.00
29.25
29.25
29.00
29.25
29.25
29.00
29.25
29.25
29.25
29.25
29.50
30.00
30.00
30.50
31.25
31.75
32.25
32.50
33.00
33.50
33.75
34.00
34.50
34.25
34.75
34.50
34.25
34.25
34.25
33.75
33.75
34.00
33.75
33.75
34.00
34.50
34.50
35.00
35.50
36.25
36.50
37.00
37.75
38.75
38.50
38.75
38.75
38.50
38.50
38.25
38.25
38.50
38.75
39.00
39.25
39.75
40.00
40.25
40.25
40.75
40.50
40.50
40.75
41.25
41.25
41.75
42.25
42.50
42.50
43.00
43.25
43.50
44.00
44.25
44.25
44.50
44.50
44.50
44.75
45.25
45.75
46.00
46.00
46.50
46.25
46.50
46.50
46.75
47.00
47.00
47.50
48.50
49.00
49.50
50.00
50.25
51.00
51.25
51.25
51.25
51.25
51.75
52.00
52.00
51.75
52.25
52.00
52.75
52.75
53.50
54.25
55.00
55.50
56.00
56.25
56.75
56.50
56.75
56.50
56.50
56.25
57.25
57.25
57.25
57.00
57.50
57.50
57.50
58.00
58.00
58.25
58.75
58.50
58.75
59.25
59.50
59.75
59.75
60.25
60.50
60.50
60.75
60.75
61.50
62.00
62.00
62.00
62.75
63.25
63.50
63.50
63.75
64.25
63.75
64.25
63.50
64.25
64.50
64.75
64.75
64.50
64.50
64.75
65.50
65.25
65.50
65.75
66.00
66.00
66.50
66.75
66.75
66.75
66.75
66.75
67.50
68.00
67.75
68.25
68.25
68.50
68.50
69.25
69.50
69.50
70.00
70.25
70.75
71.25
71.50
71.75
72.25
72.50
72.25
72.75
72.50
72.75
73.00
72.75
72.75
73.00
72.75
73.00
72.75
73.50
74.00
74.25
74.50
74.75
74.75
75.50
75.75
76.25
76.75
76.75
77.00
77.00
77.25
77.25
77.25
77.50
77.50
77.25
77.25
77.75
77.75
78.00
77.75
78.25
78.50
78.75
79.25
79.50
79.75
79.75
80.00
80.25
80.75
81.00
81.25
81.25
81.25
81.75
81.25
81.75
82.00
82.25
82.75
83.00
83.50
83.75
84.50
84.75
84.50
85.00
85.00
85.00
85.25
85.25
85.00
85.50
85.75
86.25
86.75
86.75
87.50
87.50
88.25
88.00
88.25
88.75
89.00
89.50
90.00
90.50
90.25
90.50
90.75
91.50
91.00
91.50
91.25
90.75
91.00
90.75
90.50
90.75
90.50
91.75
92.00
92.00
92.25
92.50
92.75
93.00
93.00
93.00
92.50
93.00
92.75
92.50
93.00
93.25
94.00
94.00
94.50
94.50
94.50
94.50
94.00
94.75
95.00
95.50
96.25
96.50
97.00
98.00
98.00
98.00
98.00
97.25
97.50
96.75
96.75
96.75
96.75
96.25
96.00
96.00
95.75
96.25
96.00
96.75
96.25
96.75
96.50
96.75
96.75
97.00
97.00
96.75
96.50
96.50
96.75
96.50
96.50
96.50
96.50
96.50
96.50
96.00
96.50
96.50
96.00
95.75
95.50
96.00
95.75
95.50
95.75
96.00
96.25
96.75
96.75
97.00
96.50
96.50
96.50
96.50
96.00
96.00
95.50
95.75
95.50
95.50
95.75
95.50
95.75
96.25
97.00
98.00
98.25
97.75
98.25
98.00
98.50
98.25
98.50
98.25
98.25
98.00
98.00
97.50
97.50
97.25
97.25
97.00
96.75
96.75
96.75
96.50
96.75
96.25
96.25
96.50
96.00
95.75
96.00
96.25
95.75
95.75
95.50
96.00
95.50
96.00
96.00
96.50
96.00
96.75
97.00
96.50
96.50
97.00
96.75
96.75
96.75
96.75
96.50
96.75
96.75
97.00
97.25
96.75
97.50
97.50
97.50
97.50
97.50
97.75
97.25
97.00
97.75
97.50
97.50
96.75
97.50
97.50
96.75
96.75
96.25
97.00
96.75
96.75
96.50
96.50
96.50
96.00
96.25
96.00
96.50
96.25
96.50
96.50
96.25
96.50
96.50
96.00
96.00
96.25
96.25
96.50
96.25
96.25
96.00
96.50
96.00
96.50
96.75
96.25
96.25
96.25
95.50
96.00
95.50
96.00
95.75
95.75
95.50
95.75
95.75
96.00
95.75
96.00
96.00
96.50
96.00
96.50
96.25
97.25
96.50
97.25
96.75
97.25
96.75
97.25
97.25
97.25
97.75
97.75
97.50
97.00
97.75
97.25
96.50
96.75
96.50
96.75
97.00
97.00
96.75
96.75
96.25
96.50
96.50
96.00
96.25
96.25
96.25
96.25
96.00
95.75
95.75
95.75
96.25
96.00
96.25
95.75
96.00
96.50
96.25
96.50
96.75
96.75
96.75
97.00
96.75
97.25
96.50
96.75
96.75
97.25
96.50
96.50
96.50
96.00
95.75
96.25
96.00
96.50
96.00
96.50
96.25
96.00
96.25
96.25
96.75
96.50
96.50
96.75
96.75
97.00
96.25
96.25
96.25
96.50
96.25
96.00
96.25
95.00
96.25
95.75
96.00
95.00
95.75
95.75
95.50
95.00
96.00
95.75
96.50
96.50
97.00
96.75
97.25
97.25
97.50
97.25
98.00
98.00
98.00
97.75
97.50
98.00
98.00
97.50
98.00
97.25
97.75
97.75
97.50
97.50
97.00
97.00
97.25
97.25
96.75
97.00
96.75
96.75
96.75
96.75
96.50
96.25
96.25
96.25
96.25
96.00
96.00
96.00
96.00
96.00
96.25
96.00
96.25
96.00
96.25
95.50
96.25
95.75
95.75
96.25
96.00
96.00
95.75
96.50
96.25
96.50
96.50
95.75
96.50
96.50
96.50
96.25
96.75
96.75
96.75
96.75
96.75
97.25
97.25
97.00
97.50
97.25
97.50
97.50
96.50
96.50
96.75
97.00
96.75
97.00
96.75
96.00
96.25
96.75
96.25
96.50
96.25
96.25
96.25
96.00
96.25
95.75
96.25
95.75
95.75
96.25
96.00
96.00
96.00
96.25
96.00
96.50
96.50
96.75
96.50
97.00
96.50
97.00
97.00
96.75
97.25
96.50
96.75
96.50
96.75
96.50
96.50
96.25
96.50
96.50
96.00
96.50
95.75
96.25
96.00
96.25
96.00
96.00
96.25
96.50
96.75
96.75
96.75
97.00
96.25
96.75
96.75
97.00
96.50
96.25
96.25
96.50
96.25
96.25
96.00
96.00
95.50
95.25
96.00
96.00
96.00
96.00
96.00
95.75
96.25
96.50
97.00
96.25
96.75
96.50
96.75
96.50
96.50
96.25
96.50
96.50
95.75
96.50
96.00
95.25
95.75
96.00
96.00
95.75
96.75
96.50
97.00
97.00
96.25
96.25
96.75
96.25
96.50
96.50
96.75
96.50
97.00
96.50
