80.00
80.25
80.75
81.00
81.25
81.25
81.25
81.75
81.25
81.75
82.00
82.25
82.75
83.00
83.50
83.75
84.50
84.75
84.50
85.00
85.00
85.00
85.25
85.25
85.00
85.50
85.75
86.25
86.75
86.75
87.50
87.50
88.25
88.00
88.25
88.75
89.00
89.50
90.00
90.50
90.25
90.50
90.75
91.50
91.00
91.50
91.25
90.75
91.00
90.75
90.50
90.75
90.50
91.75
92.00
92.00
92.25
92.50
92.75
93.00
93.00
93.00
92.50
93.00
92.75
92.50
93.00
93.25
94.00
94.00
94.50
94.50
94.50
94.50
94.00
94.75
95.00
94.50
95.00
95.50
96.00
96.00
95.50
96.00
96.50
96.50
97.00
96.75
96.75
96.25
97.00
97.00
97.50
98.25
98.25
99.00
98.50
99.25
99.25
100.25
100.25
100.50
101.00
100.75
101.50
101.50
102.00
101.75
102.25
102.50
102.50
102.00
102.75
103.25
103.00
103.25
103.50
103.75
103.75
104.50
104.25
104.75
104.75
105.25
105.50
106.00
106.00
106.25
106.50
106.75
107.00
107.25
107.50
107.25
107.75
108.25
108.00
108.25
108.75
109.25
109.25
109.50
109.00
110.00
110.00
110.25
109.75
110.75
111.00
111.25
111.00
111.50
111.75
112.25
112.25
112.75
113.00
113.25
113.50
113.75
114.00
114.25
114.00
114.75
114.25
115.00
115.25
115.00
115.50
115.50
116.25
116.00
116.25
116.50
116.50
117.25
117.50
117.50
117.75
118.00
117.75
118.25
117.75
118.00
118.25
117.75
118.25
118.25
118.00
118.00
118.25
118.00
118.25
117.75
117.75
117.75
118.00
117.25
117.25
117.25
117.50
117.75
117.00
117.50
117.00
117.00
117.25
117.00
117.00
117.00
116.50
116.50
116.75
116.50
117.00
116.75
117.00
117.00
117.00
117.25
117.25
117.50
117.25
117.75
117.00
117.25
117.50
117.50
117.50
117.50
117.00
117.50
117.25
116.75
116.50
117.00
116.50
117.00
116.50
117.00
117.25
117.25
117.25
117.25
117.25
117.50
117.75
117.50
117.25
117.50
117.50
117.50
117.25
117.00
117.00
117.50
117.50
117.50
117.25
117.25
117.00
117.25
116.75
117.00
117.00
116.50
116.50
116.25
116.25
116.75
116.75
116.75
117.00
117.50
117.75
118.25
118.25
118.00
118.00
118.00
118.25
117.75
117.75
117.25
117.50
118.00
117.75
118.00
117.50
117.75
118.25
118.00
117.50
117.75
117.75
117.00
117.50
117.50
117.00
117.75
117.25
117.50
117.50
117.00
117.00
117.00
117.25
117.00
117.00
117.00
117.00
116.75
116.75
116.75
116.75
116.75
117.25
116.75
117.25
116.75
117.25
117.25
118.00
117.50
117.75
118.00
117.50
117.50
118.00
118.00
117.75
117.50
117.50
117.75
117.25
116.75
117.50
117.75
117.75
117.75
117.50
118.00
117.75
117.75
117.00
117.25
117.75
117.50
117.25
117.75
117.50
117.00
117.25
117.50
117.50
117.50
117.25
117.50
117.50
117.50
117.50
117.00
117.75
117.00
117.25
117.25
117.25
117.00
116.50
116.75
117.00
116.75
117.25
116.75
116.75
117.25
117.50
117.25
117.50
117.75
118.00
117.50
118.25
117.75
117.50
117.75
117.25
117.25
117.25
117.50
116.75
117.00
116.75
117.50
117.25
117.00
116.75
117.25
117.00
117.25
117.00
117.25
116.75
117.50
117.50
117.00
117.00
117.00
117.25
117.50
116.75
117.25
117.50
117.25
118.00
118.00
117.75
117.50
117.50
118.00
117.25
117.25
117.50
117.00
117.00
116.75
117.25
117.25
117.25
117.50
117.75
117.25
117.50
118.00
117.25
117.00
117.00
117.25
117.50
117.25
117.25
116.75
116.75
117.00
117.00
117.25
117.50
117.25
117.50
117.50
117.75
117.75
117.50
118.00
117.50
117.75
117.50
117.50
117.25
117.25
117.50
117.00
117.25
117.25
116.75
117.00
117.00
116.50
117.00
117.50
118.00
117.50
117.50
118.50
118.50
118.25
118.25
118.50
118.00
118.50
118.25
118.50
118.25
117.75
118.25
118.25
117.75
117.75
117.75
117.75
118.25
118.00
118.25
117.25
117.75
117.50
117.75
117.50
117.50
117.50
117.50
116.75
117.00
116.75
117.25
116.75
117.25
117.50
117.25
117.75
118.00
117.75
118.00
117.50
118.25
118.00
117.75
118.00
118.25
117.50
117.50
117.75
117.75
117.50
117.50
117.00
117.25
117.50
117.25
117.00
117.00
117.25
117.25
117.50
117.75
117.75
118.00
117.50
117.50
118.00
117.75
118.00
117.25
117.25
117.50
117.50
117.00
117.00
117.25
117.25
117.00
117.50
117.50
117.50
117.25
117.50
117.50
118.25
118.00
118.00
117.75
118.25
117.75
118.25
117.75
117.75
117.75
117.75
117.25
117.25
117.00
117.00
117.50
116.75
117.00
117.50
117.00
117.50
117.50
117.50
118.00
117.50
118.50
118.25
118.50
118.00
118.25
118.25
118.50
118.00
118.25
118.25
118.50
118.25
118.25
118.00
118.25
118.00
118.25
118.00
117.50
117.75
118.00
117.50
117.50
117.50
117.00
117.00
117.25
117.00
117.50
117.00
117.50
117.50
117.50
117.75
117.75
117.75
118.00
117.75
117.50
117.75
117.50
118.00
117.75
117.75
117.50
117.50
117.50
117.50
117.50
117.25
117.50
117.25
117.25
117.00
116.50
117.25
117.25
117.25
117.50
117.75
116.75
117.50
117.50
117.25
117.25
117.50
117.50
117.25
117.75
117.75
117.75
117.75
117.00
117.75
118.00
117.75
117.75
117.50
117.75
117.75
117.75
117.25
117.50
117.50
117.50
117.00
116.75
116.75
117.25
117.50
117.25
117.75
117.75
117.75
118.25
118.00
117.25
117.50
117.75
117.50
117.25
117.75
117.75
117.75
117.50
117.50
117.75
117.25
117.25
117.50
116.50
117.00
116.50
117.25
116.75
116.75
117.25
116.50
117.00
117.50
117.25
117.75
118.25
118.50
118.25
117.75
118.25
118.75
118.25
118.50
118.75
118.50
118.25
118.50
118.50
118.75
118.50
117.75
118.25
118.25
118.25
118.00
118.25
118.25
118.00
118.00
118.25
118.00
117.75
118.25
117.50
117.50
117.75
117.50
117.25
117.00
117.00
117.75
117.50
117.50
117.75
117.50
117.50
117.50
117.50
117.00
117.00
117.50
117.00
117.50
117.25
117.75
117.75
118.00
118.25
118.25
118.00
118.25
118.25
118.00
118.25
118.00
118.00
118.25
118.00
117.50
117.50
117.75
117.75
117.75
117.50
117.75
117.50
117.25
117.50
117.50
117.25
117.25
117.25
117.25
117.25
117.00
117.25
117.25
117.25
117.50
117.50
117.00
116.75
117.00
117.25
117.25
116.75
117.25
117.25
117.50
117.50
117.50
117.50
117.75
117.50
117.75
117.25
117.75
117.75
117.50
117.75
117.75
117.75
118.00
117.00
117.75
117.50
117.75
117.50
117.75
117.75
117.25
117.75
117.75
117.50
117.50
117.50
117.75
117.50
117.25
117.25
116.75
116.75
116.75
117.25
117.25
116.75
117.25
117.75
116.50
117.75
117.25
117.25
118.00
118.00
118.00
118.00
118.25
117.75
118.00
118.00
118.50
117.75
118.00
118.00
118.00
118.25
117.75
118.00
117.75
117.50
117.75
118.00
117.50
117.25
117.50
117.25
116.75
117.00
117.25
117.00
117.25
116.75
117.00
117.50
117.50
117.00
118.00
118.00
118.00
118.00
118.00
117.75
118.25
118.25
118.25
118.25
117.75
118.25
118.00
117.75
118.00
117.75
117.50
118.00
117.50
117.75
118.00
117.50
118.00
118.00
117.75
117.75
117.50
117.75
117.25
117.50
117.50
117.00
117.25
117.25
117.25
117.00
117.00
117.00
116.50
117.25
117.50
117.50
117.50
117.75
117.75
118.00
118.00
118.00
118.00
118.00
118.00
118.00
117.75
117.50
117.50
118.00
118.00
117.50
118.00
117.50
117.50
117.75
117.25
117.25
117.75
117.50
117.25
117.25
117.50
117.00
116.75
117.25
117.25
116.50
117.00
117.25
117.25
117.25
117.50
118.00
117.75
118.00
117.00
118.00
118.00
118.00
117.75
117.50
117.75
117.75
117.25
116.50
117.00
117.50
117.25
117.25
117.75
118.00
118.00
118.00
118.25
117.50
117.75
117.25
117.50
116.75
117.50
117.50
117.50
118.00
118.00
117.75
117.75
117.75
117.00
117.00
117.75
117.50
117.50
117.50
117.75
117.50
117.50
117.00
117.25
117.75
117.75
117.50
117.00
117.50
117.25
117.75
117.75
117.75
117.25
117.00
117.50
117.25
117.75
117.75
117.75
117.25
118.00
118.00
118.00
118.00
118.00
118.00
118.00
118.00
118.00
117.75
117.75
118.00
117.75
117.25
117.50
117.50
117.50
117.00
117.75
117.50
117.25
117.50
117.50
117.50
117.00
117.00
117.50
117.75
117.25
117.75
117.50
117.00
117.50
118.00
117.75
117.25
117.50
117.75
117.75
117.50
117.50
117.25
117.00
117.50
117.25
117.50
117.25
117.75
117.50
117.50
117.00
117.25
117.25
117.00
117.25
117.00
117.25
117.25
116.75
117.00
117.25
117.50
117.50
117.75
117.75
117.75
