28.00
28.75
28.50
28.75
28.25
29.50
29.25
30.25
30.50
29.75
29.50
29.75
29.50
29.75
30.50
30.50
31.00
30.75
31.75
31.75
32.50
32.75
33.25
33.50
33.50
33.50
33.00
33.50
33.50
33.75
34.00
34.25
35.00
35.00
35.75
36.25
36.75
36.75
37.50
37.25
37.75
37.75
38.25
38.50
38.50
39.00
39.00
38.75
39.00
39.25
39.75
39.75
40.00
40.50
40.50
40.50
40.75
40.75
40.50
41.00
41.50
42.50
43.00
43.00
43.75
43.50
43.75
43.50
44.00
44.25
44.50
43.75
44.25
44.00
44.75
44.75
44.75
45.75
45.75
46.25
47.00
47.50
47.75
47.75
47.75
47.75
47.50
48.50
48.00
48.50
49.25
49.25
49.25
49.25
49.75
50.00
51.00
51.50
51.50
52.25
51.75
52.00
52.25
52.75
53.00
52.75
52.75
53.00
52.75
53.50
53.50
53.25
54.00
54.00
54.25
54.50
54.25
55.50
54.75
55.50
55.25
56.00
55.50
56.00
56.25
56.25
56.75
56.75
57.00
57.50
58.25
58.00
59.00
60.00
60.00
60.75
60.00
60.00
58.75
59.75
59.25
60.00
59.75
60.00
60.50
60.00
61.75
61.25
62.00
61.75
61.50
62.50
62.00
63.50
63.00
64.25
64.50
64.00
65.25
64.50
66.25
65.50
66.00
66.75
66.50
67.50
66.75
67.75
67.00
67.50
68.25
67.25
68.25
67.50
68.25
68.00
69.00
68.75
68.75
69.00
69.00
70.00
69.25
70.75
69.75
71.00
70.25
71.75
71.25
72.25
72.00
73.00
72.00
72.75
72.00
72.75
72.50
73.00
73.25
73.00
73.75
72.25
73.50
73.25
74.50
73.25
75.00
74.00
75.50
75.75
76.00
77.50
76.00
78.00
77.75
79.00
78.00
78.00
78.25
78.25
78.50
77.75
79.00
78.00
79.00
78.75
79.25
79.50
79.00
80.00
78.00
79.50
78.50
78.50
79.50
78.75
80.50
79.50
80.25
81.75
81.25
82.75
82.00
82.25
83.25
82.25
83.75
82.25
83.50
83.50
82.75
84.75
83.50
85.25
85.50
85.25
86.75
85.75
87.50
86.25
86.50
87.00
85.75
87.25
85.75
88.00
87.00
88.25
88.50
88.75
89.50
88.25
90.25
88.25
89.75
88.75
89.25
90.00
88.75
90.75
88.75
90.75
90.00
90.50
91.00
89.25
91.00
89.00
90.50
89.25
90.00
91.25
90.00
91.50
90.50
92.50
91.25
92.25
92.00
91.25
93.25
91.50
93.50
92.00
93.50
93.50
93.50
94.75
94.50
94.75
95.25
95.50
95.25
95.25
95.25
95.50
95.50
95.25
95.75
95.50
95.75
95.50
95.50
95.25
95.50
95.00
95.25
95.25
94.75
95.50
95.50
95.25
96.00
96.25
96.00
96.25
96.25
95.75
95.75
96.25
96.25
96.25
95.25
95.75
96.00
95.75
96.00
95.25
96.00
95.50
95.75
96.00
96.00
96.00
96.00
96.00
95.75
95.25
95.75
95.25
95.50
95.75
96.00
95.75
96.00
96.00
96.00
95.75
96.00
95.75
95.75
95.75
96.00
96.25
96.25
96.00
96.00
96.00
96.00
96.00
96.00
96.25
96.00
95.75
96.00
95.75
95.75
96.25
96.00
96.25
96.25
96.25
96.00
95.50
96.00
95.50
95.75
96.00
95.75
95.75
95.25
95.25
95.75
95.50
96.00
95.50
95.75
95.75
95.00
95.75
95.75
96.00
95.50
96.25
95.25
95.50
96.00
96.25
96.00
95.50
96.00
95.50
95.75
96.25
96.00
96.25
96.00
96.25
96.25
95.75
96.50
96.25
96.50
96.25
96.25
96.50
96.25
96.00
96.25
96.25
95.75
95.75
95.75
95.75
95.75
95.75
96.00
96.00
95.75
95.75
95.75
96.00
95.25
96.00
96.00
96.00
96.00
96.00
95.50
95.50
95.75
96.00
96.00
96.00
96.00
95.50
96.00
96.25
95.75
96.00
95.00
96.00
96.00
95.75
96.25
95.75
96.00
96.00
95.50
96.25
95.75
96.00
95.75
95.75
96.00
95.75
96.00
96.25
95.75
96.25
96.25
96.25
96.00
96.50
96.00
96.50
96.00
96.00
96.00
95.50
95.50
95.75
96.25
96.00
96.00
95.75
95.50
95.50
95.75
95.75
95.75
95.75
95.50
95.25
96.00
95.50
95.75
96.00
96.00
96.25
95.50
95.50
96.00
96.00
95.50
95.75
95.75
96.00
96.00
95.50
96.00
96.00
96.50
96.50
96.50
96.25
96.75
96.25
96.00
96.75
96.50
96.75
96.25
96.25
96.50
96.25
96.25
96.25
96.00
96.00
96.25
96.00
96.00
96.00
96.00
95.75
96.00
95.50
95.75
95.25
95.75
95.75
95.75
95.50
95.75
95.75
95.00
95.75
96.00
96.00
96.00
95.75
96.00
96.25
96.50
96.25
96.25
95.75
96.25
96.00
96.50
96.00
96.25
95.75
96.50
96.50
96.50
96.00
96.50
96.50
96.00
96.00
96.00
95.75
95.75
95.75
95.75
95.50
96.00
95.75
95.75
96.00
96.00
95.50
95.50
95.75
96.00
96.00
96.25
96.00
95.75
96.25
96.50
96.50
96.25
96.25
95.75
96.25
96.50
96.00
96.25
96.25
96.00
95.75
96.00
95.75
96.00
96.00
96.00
95.50
95.25
95.50
95.75
95.75
95.75
95.50
96.00
96.00
95.75
96.00
96.00
96.00
96.00
95.75
95.50
95.75
95.75
96.25
96.00
96.00
96.00
96.25
96.25
96.00
96.25
96.25
96.25
96.50
96.25
96.00
96.50
96.00
96.25
96.50
96.50
96.50
95.75
96.00
96.25
96.25
96.25
96.25
96.25
96.25
96.25
96.00
96.00
95.50
95.75
95.75
95.50
96.00
95.50
95.75
96.00
96.50
96.00
96.25
96.50
96.25
96.00
96.50
96.25
95.75
96.25
96.00
95.75
95.50
95.75
95.50
96.00
95.50
95.50
95.75
96.25
95.50
95.50
96.00
95.75
95.50
96.00
96.00
96.00
96.00
95.75
95.75
96.00
96.00
96.00
96.00
96.00
96.25
96.25
96.00
96.00
96.25
96.00
95.75
96.00
96.00
95.25
95.75
95.50
95.75
96.00
96.00
95.50
96.00
95.75
95.50
95.25
95.50
95.50
95.75
96.00
96.00
96.00
95.50
96.25
96.00
