77.50
77.75
78.50
79.75
80.00
80.25
81.25
81.25
81.25
81.25
81.50
81.00
81.00
81.00
81.50
81.25
81.00
81.50
81.75
82.00
82.50
83.00
83.00
83.75
83.75
84.25
85.00
85.00
85.25
84.50
85.00
85.25
85.50
86.00
85.00
86.25
85.75
86.25
87.25
86.50
88.00
88.25
89.00
90.50
90.00
91.25
91.25
91.75
91.00
92.25
92.75
92.50
93.25
93.50
93.00
93.25
93.50
93.00
93.00
92.50
93.00
92.25
93.25
93.75
93.50
93.50
93.25
93.00
93.75
93.50
93.25
93.50
93.75
94.00
94.25
94.25
94.50
94.50
94.50
94.75
94.50
94.50
95.00
95.50
95.50
96.00
96.00
96.25
95.75
96.50
97.00
97.00
96.25
97.00
96.50
97.00
97.00
96.25
96.50
96.50
97.00
96.75
96.75
96.75
96.75
96.75
96.75
96.25
96.25
96.25
96.25
96.25
96.50
96.50
96.50
96.25
96.25
96.00
95.75
95.75
95.50
96.00
96.00
96.00
95.75
96.25
96.00
96.25
96.00
96.00
95.75
95.25
96.00
96.00
95.75
96.25
95.75
95.75
95.50
95.75
95.00
96.00
96.00
95.75
95.50
95.50
95.50
95.50
96.25
95.50
96.00
96.00
96.00
95.75
95.50
95.50
95.50
96.00
95.50
96.00
95.50
96.00
95.50
96.00
95.25
95.50
95.50
95.00
95.50
95.75
95.75
95.50
96.00
95.75
95.75
96.00
96.50
96.50
96.00
95.50
96.25
96.00
95.25
95.50
95.75
95.75
95.50
95.75
95.75
96.00
95.75
95.75
95.50
95.25
95.75
95.50
95.75
95.25
95.75
95.75
95.75
95.25
95.50
95.75
95.00
94.75
95.75
95.25
94.75
95.75
95.50
95.25
95.75
95.75
95.25
95.50
95.75
95.75
95.25
95.75
95.50
95.75
96.00
96.00
95.50
96.00
96.00
95.75
96.00
96.00
95.75
95.25
95.75
95.75
95.75
96.25
95.75
95.75
95.75
95.75
95.50
95.75
95.25
96.00
96.00
96.25
96.00
96.00
96.00
96.00
96.00
96.25
95.75
96.25
96.25
96.25
96.25
96.25
95.75
96.00
96.25
95.75
95.75
96.00
96.00
96.00
96.25
95.75
96.00
95.50
95.25
96.00
95.75
95.75
95.25
95.25
95.25
96.00
95.25
95.00
95.00
95.00
95.75
95.50
95.75
95.50
95.75
95.50
96.00
95.75
95.75
96.25
96.25
95.75
95.75
96.50
96.50
96.25
96.25
95.75
96.25
96.25
96.25
96.50
96.25
96.00
96.50
96.00
96.00
96.00
96.00
96.25
96.00
95.50
96.00
95.50
96.25
96.00
95.50
96.00
95.75
95.50
95.75
96.00
95.50
95.50
96.00
96.00
95.50
95.50
95.75
95.75
95.75
95.50
95.75
95.50
95.75
95.00
95.75
95.50
95.75
96.00
95.50
95.25
96.00
96.00
96.00
96.00
96.00
96.00
95.75
96.25
96.00
96.00
95.75
96.00
96.25
96.25
96.25
96.00
96.00
95.75
96.00
96.00
96.00
95.50
95.50
96.00
96.00
95.75
95.75
96.25
95.50
96.00
95.75
95.50
96.25
96.00
95.75
96.00
96.00
96.00
96.00
95.75
96.00
95.75
95.75
96.00
95.50
95.25
95.50
95.75
95.50
95.75
95.75
95.50
96.00
96.00
95.75
95.50
95.75
96.00
96.25
96.25
96.25
95.75
95.75
95.75
95.75
95.75
95.75
95.50
95.50
95.75
95.50
95.50
95.50
95.75
96.00
95.75
95.50
95.50
95.50
95.00
96.00
95.50
95.75
96.00
95.50
95.50
95.50
95.75
95.50
95.50
96.25
96.00
96.00
95.75
95.50
95.25
95.75
95.75
95.75
95.25
95.25
96.00
95.25
95.75
95.00
95.00
95.75
95.50
95.50
95.75
95.50
95.25
95.75
95.75
95.50
95.75
96.00
96.00
96.00
96.00
95.75
95.75
95.50
96.00
95.75
95.75
96.00
95.75
95.75
95.75
96.00
95.75
96.00
95.75
96.00
95.50
96.00
96.00
96.00
95.50
96.00
96.00
96.00
96.00
96.00
96.00
95.50
96.00
95.50
95.50
96.00
96.00
96.00
96.00
96.00
96.00
95.50
95.50
96.00
96.00
95.50
95.75
96.00
96.00
95.50
95.50
96.00
96.00
96.25
96.00
96.00
96.25
96.00
95.75
96.00
96.00
96.00
96.00
96.00
95.75
96.00
96.00
96.25
95.25
95.75
95.75
95.75
95.75
95.75
95.75
95.75
95.25
95.50
95.00
95.00
95.50
95.50
95.50
95.75
95.75
95.50
95.00
95.25
95.25
95.25
95.75
95.25
95.50
95.75
95.75
95.75
95.75
95.75
95.75
95.75
95.75
95.75
95.25
95.50
96.00
96.00
95.50
95.50
95.75
95.50
96.00
96.00
96.00
96.50
96.25
96.75
96.50
96.25
96.75
96.75
96.50
96.00
96.50
96.50
96.25
96.25
95.75
96.00
96.00
96.00
95.25
95.75
95.75
95.75
95.75
95.75
95.75
95.75
96.00
95.50
95.75
96.00
96.25
96.25
95.75
96.50
