57.00
57.50
58.50
58.75
59.25
59.50
60.00
60.50
60.75
61.00
60.75
60.75
61.25
61.25
61.00
61.25
60.75
61.00
61.50
61.75
63.25
63.50
63.50
63.75
64.25
65.00
65.50
65.00
65.75
66.00
66.00
66.25
66.00
66.25
66.00
66.50
66.25
67.25
66.50
68.25
67.75
68.75
69.25
68.50
69.25
68.50
69.75
70.00
70.75
70.50
70.50
71.00
71.00
70.75
71.00
71.25
70.25
71.25
71.25
71.00
72.25
71.75
73.00
72.25
73.25
73.00
73.25
73.75
73.50
73.75
73.75
74.75
73.75
74.25
75.00
74.75
75.00
75.50
75.00
76.00
75.00
76.25
75.25
76.25
75.25
77.00
76.25
77.50
77.75
79.00
79.50
80.50
80.75
82.00
81.75
82.50
82.50
82.50
83.25
83.00
83.50
83.25
84.00
84.00
84.75
84.50
84.75
85.50
85.00
86.25
84.75
85.75
85.00
85.75
85.50
86.25
85.75
86.25
86.25
85.50
87.00
86.75
88.25
88.00
88.50
89.25
88.00
88.75
87.50
88.25
87.75
89.50
88.75
90.25
89.75
89.50
90.50
89.00
89.75
89.25
90.25
89.00
90.25
89.75
90.75
90.75
90.25
90.75
90.25
91.50
90.50
92.25
91.00
92.75
91.00
93.50
93.00
94.00
94.50
94.50
94.50
93.75
93.75
94.25
94.00
94.50
94.75
95.50
95.00
95.25
95.50
95.75
95.75
96.00
95.75
96.00
96.25
96.00
96.25
96.25
96.00
96.25
95.50
96.00
96.00
95.75
95.75
96.00
95.50
95.75
95.75
95.75
95.75
95.75
95.75
95.25
95.50
95.75
95.75
95.25
95.50
95.75
95.75
95.75
95.00
95.50
95.50
94.75
95.00
95.50
95.50
95.50
95.50
95.75
96.00
96.00
96.50
95.75
96.00
95.75
96.25
96.50
96.50
96.50
95.75
95.50
96.00
95.75
96.00
95.75
95.75
96.00
95.75
95.75
95.75
96.00
95.50
96.00
96.00
95.75
96.00
95.25
95.25
95.50
95.25
95.50
95.25
94.75
95.50
95.75
95.00
95.50
95.25
95.50
96.00
96.25
96.00
96.00
96.00
95.50
95.75
96.00
96.25
95.75
96.25
96.50
96.25
96.25
96.25
96.50
96.50
96.00
96.25
95.25
95.75
96.25
95.75
96.25
96.25
95.75
96.00
95.50
96.00
96.25
95.75
96.00
96.25
95.75
96.00
96.25
96.25
95.50
95.75
95.75
95.50
95.50
95.75
96.00
96.00
96.25
95.25
96.00
95.25
96.25
96.00
95.75
96.00
95.25
95.50
95.75
95.75
95.00
96.00
95.50
95.50
95.25
96.00
95.50
96.00
96.25
96.25
96.00
96.25
96.50
96.50
96.50
96.00
95.75
95.75
96.00
96.00
96.00
96.00
95.75
95.75
95.25
96.00
95.75
95.50
95.75
95.75
95.75
95.75
95.75
95.25
95.75
95.50
95.75
95.75
95.50
95.50
96.00
96.00
96.00
95.50
95.00
96.00
95.75
95.75
95.75
95.75
96.00
95.75
95.75
95.75
96.00
96.25
95.50
95.75
95.75
95.75
95.75
96.25
96.00
96.00
95.25
96.00
96.00
96.00
96.00
96.00
95.50
95.50
95.75
96.00
95.75
95.75
95.75
95.75
96.00
95.50
95.75
95.75
95.75
95.25
96.00
96.00
95.50
96.00
95.25
95.75
96.00
95.75
95.50
96.00
95.75
96.00
96.00
95.75
96.25
96.00
95.25
96.25
96.25
96.25
96.00
95.75
96.00
95.50
95.50
96.00
96.00
96.00
95.75
95.50
96.00
96.25
96.00
96.00
96.00
96.25
96.25
96.00
95.75
96.00
96.00
96.00
95.75
95.50
95.75
95.75
95.75
95.50
95.50
95.75
95.25
95.50
95.75
95.50
95.25
95.75
95.75
96.00
95.25
95.50
95.75
95.50
95.50
95.75
95.25
95.25
95.25
96.25
96.00
95.75
96.50
96.00
96.25
95.50
96.00
96.00
96.50
96.25
96.00
96.25
96.25
96.00
96.25
96.25
96.50
95.75
96.25
96.00
95.75
96.25
95.75
96.00
96.25
96.00
95.75
96.00
96.00
96.00
96.00
96.00
96.00
95.50
96.00
95.50
95.75
95.75
95.75
95.75
95.75
95.75
95.75
95.75
96.00
96.25
96.00
94.75
95.75
95.75
95.25
95.75
95.50
95.25
95.50
96.00
96.00
96.50
96.25
96.25
96.00
96.00
96.25
96.00
96.25
96.00
96.00
95.50
95.75
95.50
95.50
95.50
95.50
95.00
95.75
95.25
95.25
95.75
95.50
95.75
95.50
95.50
95.75
96.00
96.00
95.75
95.00
95.75
96.00
95.25
95.50
95.50
96.00
95.25
95.75
95.50
95.75
95.75
95.75
96.00
96.00
96.00
96.25
96.25
96.25
96.00
96.00
96.00
96.00
96.75
96.25
96.50
96.50
96.50
95.50
96.25
96.00
95.75
96.25
95.75
95.75
95.75
96.25
96.00
95.75
95.75
96.00
96.00
96.00
96.00
95.50
95.75
95.25
95.75
96.00
95.75
95.75
95.75
95.25
95.75
96.00
96.25
95.50
96.00
96.25
95.25
96.00
95.50
95.25
95.75
96.00
95.75
96.00
95.50
96.00
95.50
95.50
95.75
95.75
95.75
95.75
96.00
96.00
95.75
95.75
96.00
95.75
96.00
96.00
95.75
95.75
95.50
95.75
96.00
95.75
96.00
95.50
95.75
95.50
95.75
95.75
95.75
95.75
95.75
95.50
95.75
96.00
95.75
95.75
95.75
95.75
95.75
96.00
96.00
95.75
95.75
95.50
95.50
95.75
95.50
96.00
96.00
96.00
95.75
95.50
95.50
96.25
96.00
96.00
96.25
96.00
96.25
96.50
96.75
96.75
96.25
97.00
96.25
95.75
96.00
96.25
96.00
96.00
95.50
96.25
96.00
96.00
95.75
96.00
96.00
95.50
96.00
95.75
96.25
95.75
95.25
96.00
96.25
95.75
96.00
96.00
95.75
96.25
96.25
96.25
96.00
95.50
96.25
96.25
95.75
96.00
95.75
95.25
96.00
95.25
95.25
95.50
95.00
96.00
95.75
95.50
95.50
96.00
96.00
95.75
95.50
95.50
96.00
96.00
95.75
95.75
95.25
96.25
96.00
95.75
96.00
96.25
96.25
95.50
96.00
96.50
95.75
95.75
96.25
95.75
96.25
96.25
96.25
96.50
96.25
96.50
95.50
96.25
96.25
95.75
95.75
96.00
96.25
96.25
96.00
96.25
96.25
96.25
96.25
96.00
96.00
95.50
96.00
96.00
96.00
96.00
95.75
95.25
96.00
95.75
95.75
96.00
96.00
96.00
95.25
96.00
96.25
95.75
95.75
95.75
96.00
96.00
96.00
96.00
95.50
96.00
96.00
96.25
96.00
95.25
96.00
96.25
96.25
95.75
96.00
96.00
96.00
95.75
95.50
96.00
95.75
95.75
96.00
96.25
95.75
96.00
95.75
96.25
96.25
95.50
96.00
96.00
95.50
96.00
95.50
96.00
96.00
96.25
96.25
96.25
96.25
95.50
96.00
96.00
95.75
96.25
96.25
96.25
