35.25
35.25
36.00
37.00
37.00
37.00
37.25
37.25
37.25
37.75
38.00
38.50
37.75
38.75
39.50
40.75
40.75
41.00
41.25
41.00
41.00
41.00
40.50
40.25
40.25
40.25
40.50
40.00
40.50
40.75
40.50
41.00
41.00
41.00
41.50
42.00
43.00
43.50
43.25
43.75
44.25
43.75
44.00
44.75
45.75
46.75
46.25
46.50
46.75
46.50
47.25
47.75
48.00
48.75
48.75
49.25
49.00
49.25
50.00
49.75
50.25
50.50
50.25
51.25
51.50
52.25
52.25
52.50
53.00
52.75
53.00
53.00
53.25
52.75
52.50
53.75
53.00
53.25
55.00
55.25
55.75
56.50
55.75
56.50
56.75
55.75
56.75
57.00
56.75
57.50
57.75
58.00
58.25
59.25
59.25
58.75
59.00
59.00
58.75
58.75
59.75
59.25
59.50
60.75
61.25
61.00
62.00
62.75
62.00
62.25
62.75
62.25
62.75
63.25
63.25
64.00
63.25
64.00
64.50
63.75
64.75
65.25
65.00
65.75
65.50
66.00
66.50
65.50
67.25
66.75
67.50
68.00
67.50
68.75
68.75
69.00
69.50
69.25
70.00
70.25
69.50
69.75
70.25
69.50
70.50
70.00
69.75
71.00
70.75
70.25
71.50
71.75
71.50
72.75
73.00
72.75
73.50
74.25
73.50
74.50
75.50
74.75
75.50
76.25
75.00
76.00
76.00
75.25
76.50
75.75
76.00
77.25
77.00
77.75
78.75
78.00
79.00
79.00
77.75
79.25
79.00
78.00
79.25
79.50
80.50
81.00
80.50
81.25
82.75
82.25
82.75
83.00
83.00
84.00
83.50
84.50
85.25
84.25
84.75
84.25
83.75
84.25
83.75
84.00
84.75
84.25
84.50
86.25
85.75
86.75
87.00
86.00
87.25
88.25
88.00
88.75
88.50
88.00
88.25
88.75
88.00
89.25
89.25
88.75
89.00
88.50
88.75
90.00
89.50
90.50
91.25
90.75
91.75
91.25
91.75
92.50
92.00
92.25
93.00
92.00
92.50
92.50
92.25
93.00
92.50
92.50
93.50
92.75
93.25
93.25
93.50
94.00
93.00
94.00
94.50
94.25
94.75
94.25
94.50
95.50
95.75
96.25
97.00
95.75
96.00
96.25
95.25
95.75
97.00
96.00
96.75
98.00
97.25
97.75
98.50
99.00
97.50
99.75
99.25
98.75
99.50
99.75
100.75
100.75
101.25
100.50
101.00
100.50
101.25
100.25
101.25
100.50
101.25
100.75
101.25
100.75
100.25
101.25
100.25
101.50
100.25
101.00
101.00
100.75
101.00
100.75
101.25
100.25
101.50
100.50
101.25
100.00
101.25
100.75
100.25
100.50
101.25
100.75
101.00
101.00
100.25
101.00
100.75
101.00
100.00
100.75
100.25
101.25
100.25
101.25
100.25
101.00
100.25
100.75
100.50
101.00
100.00
101.25
100.25
101.50
100.25
101.00
100.25
101.25
100.50
101.25
100.50
100.75
100.50
100.50
101.00
100.75
101.00
100.25
101.25
100.50
101.50
100.50
101.25
100.50
100.75
100.50
101.25
100.50
101.00
100.25
101.50
100.75
100.75
100.75
101.25
100.50
101.25
100.00
101.50
100.50
101.25
100.00
101.00
100.25
101.25
100.50
100.75
100.50
100.75
100.75
100.75
101.00
100.25
101.00
100.50
100.75
100.50
101.50
100.25
101.25
100.25
101.25
100.50
100.75
100.25
100.75
100.75
100.25
101.00
100.50
101.00
100.50
101.00
100.50
101.00
100.50
100.50
101.50
100.50
100.75
100.25
101.00
101.00
100.25
101.00
100.25
100.75
100.00
100.50
100.25
100.75
101.00
100.25
101.50
100.25
101.25
100.75
101.25
100.00
101.25
101.00
101.00
100.25
101.25
100.50
101.00
100.75
101.25
100.50
100.50
100.75
101.00
100.75
101.50
100.50
101.50
100.50
101.00
100.75
101.25
101.00
101.00
100.75
101.00
100.75
100.50
100.75
100.25
101.00
100.50
101.25
100.00
101.00
100.25
101.25
100.25
101.25
100.00
101.00
100.50
101.00
100.25
100.25
100.50
100.25
100.25
101.00
101.00
100.50
100.50
101.00
101.00
100.75
100.25
100.25
101.00
100.75
101.00
100.50
101.25
101.00
101.25
100.75
100.50
100.75
101.00
101.00
100.75
101.00
