80.00
80.25
81.00
81.25
81.00
82.00
82.00
82.50
82.25
82.50
82.00
82.75
82.50
83.50
83.75
84.25
83.75
84.50
84.75
84.25
85.00
85.50
85.50
85.75
86.25
86.50
87.25
87.50
88.00
88.00
88.50
89.00
88.75
88.75
88.50
88.00
88.25
88.25
88.75
89.00
88.75
90.00
90.50
91.25
91.75
91.25
92.00
91.75
92.00
92.25
92.00
92.25
92.50
91.75
92.75
92.50
92.75
93.50
93.75
94.25
95.00
94.75
95.50
95.25
95.50
94.75
95.50
95.00
95.25
95.50
95.50
95.75
96.25
96.50
97.25
97.00
97.50
97.25
97.25
97.00
97.50
98.00
98.00
98.25
98.25
99.25
99.25
98.75
99.75
99.50
100.00
100.50
100.50
100.75
101.00
101.00
100.75
101.25
100.75
101.25
101.50
101.25
101.25
101.50
101.25
101.25
102.00
102.00
102.25
101.75
102.25
102.50
102.50
102.75
103.00
103.00
103.50
103.50
103.75
104.00
104.25
104.00
104.50
105.00
105.00
105.50
105.50
106.00
105.50
106.50
106.50
107.00
106.25
107.25
107.25
107.50
107.75
108.00
108.00
108.50
108.75
108.75
109.50
109.25
109.25
109.50
110.00
109.75
110.50
110.25
111.25
110.50
111.00
111.00
112.00
111.50
112.00
111.75
112.75
112.75
113.00
113.25
113.25
113.75
113.75
114.25
114.25
114.75
114.50
115.25
114.25
115.25
115.25
116.00
115.75
116.00
116.50
116.00
116.75
116.25
117.00
115.75
117.00
116.25
116.75
116.50
117.00
116.75
116.50
116.50
117.00
116.25
117.00
116.50
117.00
116.50
117.25
116.75
117.00
116.50
116.75
116.25
116.50
117.00
116.25
116.75
116.75
116.25
117.00
116.25
117.00
116.00
117.00
116.50
117.25
116.75
116.75
116.75
117.25
116.25
117.00
116.75
117.00
116.50
117.00
116.00
117.50
116.25
116.75
116.25
116.50
116.50
116.25
117.00
116.50
117.00
116.50
117.25
116.75
116.75
117.00
116.50
117.00
116.50
117.00
116.75
116.00
117.25
116.50
117.50
116.50
117.25
116.50
117.25
116.50
116.75
117.00
116.75
117.25
116.50
117.25
116.50
117.00
116.50
117.25
116.75
117.00
116.75
117.00
116.25
117.00
116.50
117.00
116.25
116.75
117.00
117.00
116.25
117.00
116.25
117.25
116.25
116.50
117.00
116.75
117.00
116.50
117.50
117.00
117.50
116.50
117.00
117.00
117.00
116.00
116.75
117.00
116.75
117.00
116.50
117.00
117.00
116.50
117.50
116.25
117.00
116.75
117.00
117.25
115.75
117.00
117.00
117.00
116.75
116.50
117.00
117.25
116.25
116.75
116.75
117.00
116.25
116.75
116.75
117.00
116.75
116.75
116.00
117.00
116.50
117.00
116.50
117.50
117.00
117.50
117.25
116.75
116.75
116.75
117.00
116.50
117.25
116.75
117.25
117.00
116.25
117.50
117.00
117.50
116.50
117.25
116.50
117.00
117.00
116.75
117.00
116.75
117.25
116.50
117.25
115.75
116.75
117.00
116.75
117.50
117.00
117.25
116.75
116.75
117.25
116.50
117.25
116.50
117.25
116.25
116.75
117.00
117.00
116.75
116.50
116.75
116.75
117.25
116.75
117.25
116.25
117.50
116.25
117.25
116.75
116.75
117.25
116.50
116.75
117.00
117.50
116.50
117.50
117.50
116.50
117.75
117.00
117.50
117.25
117.00
117.50
117.00
117.00
117.25
116.50
117.75
117.25
117.75
117.25
117.50
117.00
116.25
117.50
116.75
117.00
116.00
117.50
116.75
117.00
116.75
117.25
116.50
117.00
116.25
116.75
117.00
117.00
117.00
117.50
117.00
117.25
116.25
117.25
116.25
116.75
117.00
117.50
116.75
117.50
116.75
117.25
116.50
117.00
116.75
117.00
116.75
116.50
116.50
116.50
116.50
116.75
117.25
117.00
117.50
116.75
117.50
117.25
117.25
117.25
116.75
117.25
116.75
116.50
116.50
116.75
117.50
116.50
117.25
116.50
116.75
117.25
116.75
116.50
117.00
117.50
116.75
117.25
116.75
116.50
117.25
117.00
117.25
116.75
117.00
117.00
117.50
117.00
117.25
116.50
117.25
116.75
116.75
117.00
117.00
117.25
116.75
117.25
116.75
117.25
116.75
117.25
117.00
116.25
117.50
117.00
117.50
117.00
116.00
117.25
116.50
117.00
116.75
117.50
116.75
116.50
116.50
117.00
117.25
116.50
116.25
117.00
117.00
117.00
116.75
117.50
117.00
117.00
116.50
116.75
117.50
117.00
117.50
117.00
117.50
116.75
116.75
117.00
116.75
117.00
117.25
117.25
116.75
117.25
117.25
117.00
117.25
116.25
117.50
117.00
117.00
117.50
116.75
117.25
116.75
116.75
117.00
117.00
116.75
116.75
117.25
117.00
117.00
116.50
116.75
117.00
116.50
117.25
116.75
117.00
116.75
116.75
116.50
116.50
117.00
115.75
117.00
117.00
117.00
116.75
116.75
117.00
116.50
116.75
116.75
117.25
116.50
116.75
116.75
116.75
117.25
117.25
117.50
116.75
117.00
117.25
116.75
116.75
116.75
117.25
116.75
117.50
116.50
117.25
116.75
117.25
117.25
117.00
117.50
116.75
117.00
117.00
116.50
116.75
117.25
117.00
117.00
116.75
117.00
116.75
116.75
116.75
117.00
117.00
116.25
117.25
116.75
117.00
116.75
116.75
116.50
115.50
116.50
116.50
116.50
117.00
116.75
116.50
116.00
116.75
116.25
116.75
117.00
116.75
117.50
116.75
117.50
116.75
116.50
117.50
117.00
117.50
117.25
117.75
117.00
117.25
117.50
117.25
117.00
117.25
117.50
116.75
116.75
117.00
117.00
116.50
117.00
117.00
117.00
116.50
117.50
116.50
117.00
117.25
117.00
117.25
116.50
117.50
116.50
117.00
116.75
116.50
117.50
116.75
117.25
117.00
117.00
117.50
116.50
116.75
116.75
116.25
116.75
116.75
117.50
116.25
117.25
116.75
116.50
117.25
117.00
117.25
116.75
117.00
116.50
116.75
117.25
116.50
117.25
116.75
117.25
117.00
117.25
117.00
117.50
116.75
117.50
117.00
117.25
117.00
117.00
117.00
117.00
116.75
117.50
116.75
117.00
117.00
116.75
117.25
116.25
116.75
117.00
116.75
116.75
116.75
117.50
116.00
117.50
116.50
117.00
117.00
117.00
116.50
117.00
116.25
117.25
116.75
116.75
116.50
117.00
117.25
116.50
117.00
116.00
117.25
117.00
117.00
117.00
116.75
116.75
117.25
117.25
117.00
117.50
117.00
117.25
116.00
117.50
116.50
117.25
117.25
117.25
117.00
116.50
117.00
117.00
117.25
117.00
116.50
117.00
117.00
117.00
117.00
117.00
117.25
117.00
117.00
116.75
117.00
117.25
117.00
117.50
116.75
117.00
117.00
116.75
117.25
116.75
117.00
117.50
117.25
117.00
117.00
117.50
116.75
116.75
117.00
116.50
117.00
117.00
117.25
116.75
117.00
116.50
117.00
117.00
117.00
117.00
116.75
117.00
116.75
117.25
116.75
117.25
116.75
117.75
116.50
117.50
117.00
117.25
117.50
117.25
117.50
116.75
117.00
116.75
117.00
117.00
117.00
117.00
117.25
116.50
117.25
117.25
116.75
117.25
117.00
117.00
117.25
117.25
117.50
116.75
117.00
117.25
117.25
117.25
116.25
117.25
117.25
116.25
117.75
116.25
117.25
117.00
116.75
117.00
117.00
117.00
117.25
117.00
117.25
117.25
117.25
117.25
117.00
117.50
116.50
117.00
116.75
117.25
116.50
117.25
117.00
116.50
117.00
117.00
117.50
116.75
117.25
116.75
116.75
116.75
117.00
117.00
116.75
116.50
117.00
116.50
117.25
117.00
116.75
116.50
117.25
116.75
117.00
117.25
116.75
117.50
116.75
117.00
116.75
117.00
117.25
117.25
117.25
116.75
117.50
117.00
117.25
117.25
116.25
117.00
116.50
117.00
117.00
116.75
116.75
117.00
116.75
117.00
116.50
117.50
116.75
117.00
116.50
117.00
116.75
117.25
116.75
117.00
116.75
117.00
117.00
116.50
