22.50
22.75
22.50
22.50
22.50
22.25
22.50
22.75
23.50
23.75
24.00
24.25
24.50
25.00
26.00
26.75
26.50
27.50
27.75
27.75
27.75
28.00
28.00
28.25
28.00
28.25
28.00
28.25
28.00
28.25
28.75
29.00
29.75
30.00
31.00
31.75
32.25
32.00
32.25
33.00
33.50
34.25
34.25
34.75
34.50
35.00
34.50
34.75
34.75
34.50
34.25
34.00
33.75
34.75
35.00
35.50
35.75
36.25
36.75
37.50
37.50
38.25
38.50
39.25
39.00
39.50
39.75
40.25
40.75
40.75
41.00
41.25
41.50
41.25
41.50
42.00
42.00
42.75
42.50
42.75
42.50
42.50
42.50
42.50
42.25
42.25
42.50
43.00
43.00
43.75
44.50
45.25
45.50
46.25
46.50
47.50
47.25
48.00
48.25
49.25
49.00
49.25
49.50
49.25
49.00
48.25
48.25
48.50
49.00
49.25
50.00
50.50
50.00
51.25
51.25
51.00
50.75
50.75
50.75
51.00
51.00
51.25
51.50
53.00
53.25
54.25
54.25
54.50
54.75
54.75
55.50
55.75
56.00
56.50
56.50
57.00
57.00
57.50
56.75
57.25
58.00
58.00
58.50
58.75
58.75
59.25
59.25
59.75
60.50
59.75
59.50
59.25
59.25
59.25
59.25
60.00
59.75
60.50
61.25
62.25
63.00
63.25
63.25
63.75
63.50
63.50
64.00
64.50
64.25
64.00
64.25
64.25
64.75
65.25
65.25
65.50
66.25
66.50
66.25
65.75
66.00
65.50
65.50
65.50
65.25
65.50
66.00
65.75
66.75
67.25
68.50
68.75
68.25
68.50
68.25
68.25
68.25
68.00
67.75
68.00
68.50
68.50
68.50
69.00
69.75
70.25
70.50
70.75
71.00
71.00
71.50
71.75
71.25
71.75
71.75
71.75
72.00
71.75
72.00
72.50
72.75
73.00
73.25
73.50
73.50
73.75
74.00
74.25
74.00
74.25
75.00
75.50
75.50
75.75
76.25
76.00
76.25
76.75
77.00
76.75
77.25
77.25
77.00
77.50
77.75
78.00
79.00
79.50
79.75
79.75
80.25
80.25
80.50
81.25
81.25
81.50
81.75
82.25
83.00
84.00
84.25
85.00
85.25
85.50
85.75
85.25
86.25
85.75
85.75
85.25
85.25
86.00
85.50
85.75
86.50
86.00
86.25
85.75
86.25
86.00
86.00
86.25
87.00
87.75
88.00
89.50
90.00
90.00
90.00
90.25
90.25
89.50
89.75
89.50
89.75
89.75
89.75
90.00
90.00
90.50
90.75
91.00
91.00
91.25
91.25
91.50
91.25
91.00
91.00
91.75
92.00
92.00
92.25
92.50
92.25
92.25
92.00
92.25
92.50
92.75
93.00
93.00
93.25
93.00
93.75
93.75
94.25
94.25
94.50
94.50
94.75
95.25
95.50
95.50
95.75
95.75
96.00
96.25
96.50
97.00
97.00
98.50
98.25
98.50
99.00
99.25
99.75
100.00
99.25
99.25
99.75
100.25
100.00
100.75
100.25
100.75
100.75
100.50
101.50
101.50
101.75
101.75
102.00
102.25
102.00
102.75
102.75
103.25
103.00
103.50
103.50
103.25
103.25
103.75
103.75
104.25
104.00
104.50
104.50
104.25
105.00
105.75
105.50
106.00
106.25
106.25
106.00
106.75
106.50
106.50
107.00
107.50
108.00
108.00
108.25
108.25
108.25
108.25
108.50
108.75
108.25
108.50
108.50
108.75
108.75
108.75
108.75
109.50
108.75
108.75
109.00
109.50
109.25
109.50
109.75
109.00
109.00
108.75
109.50
109.00
109.50
109.00
109.25
109.50
109.75
109.25
109.50
109.50
109.50
109.25
109.25
109.50
109.25
109.00
109.25
109.00
109.25
109.25
109.00
109.25
108.75
109.25
109.25
109.00
109.50
108.75
109.25
108.75
109.25
109.00
109.25
108.75
108.50
108.75
109.00
108.75
109.00
108.75
109.00
109.00
109.00
108.75
109.00
109.00
108.75
109.00
109.00
109.00
108.50
108.50
108.50
109.00
109.00
109.00
108.75
108.75
108.25
109.00
108.75
108.50
108.75
108.50
108.25
108.75
108.50
108.50
108.50
108.50
108.25
108.50
108.75
108.25
108.50
108.50
108.50
108.50
108.50
108.50
108.50
108.50
108.50
108.25
108.25
108.50
108.50
108.00
108.25
108.25
108.25
108.25
107.75
108.00
108.00
108.00
108.00
108.25
108.00
107.50
108.00
107.75
108.00
107.75
108.00
107.75
108.00
108.00
107.75
108.00
108.25
108.25
108.00
107.75
108.00
108.00
107.75
107.75
107.75
107.75
108.00
108.00
107.75
107.50
108.00
107.75
107.75
107.50
107.50
107.75
107.00
107.50
107.25
107.75
108.00
107.75
107.75
107.50
107.75
107.50
107.50
107.50
107.00
107.50
107.50
107.00
107.00
107.50
107.00
107.75
107.00
107.75
107.50
107.25
107.75
107.75
107.25
107.50
107.25
107.25
106.75
107.00
107.25
107.25
107.50
106.50
107.50
107.50
106.75
107.00
106.75
107.50
107.25
106.75
107.25
107.00
107.00
106.75
106.50
107.25
107.00
107.00
107.00
107.00
107.25
107.00
106.75
106.75
107.00
107.00
106.50
106.75
106.75
106.50
106.75
107.00
106.50
106.50
106.75
106.75
106.75
106.25
106.75
107.00
106.25
106.75
106.75
106.25
107.00
106.50
106.75
106.25
106.75
106.25
106.75
106.00
106.50
106.50
106.50
106.25
106.50
106.50
106.25
106.25
105.75
106.00
106.25
106.25
106.25
106.25
106.25
106.25
106.50
106.25
106.50
106.00
106.25
106.25
106.00
106.00
106.00
106.25
106.50
105.75
106.00
106.00
106.25
106.25
106.00
106.00
106.00
106.00
106.00
106.00
106.00
106.00
105.50
105.75
106.25
105.75
105.50
105.75
105.75
105.50
105.25
105.75
105.75
105.75
105.50
105.75
106.00
105.75
106.25
105.75
106.00
106.00
105.75
105.25
105.00
105.75
105.50
106.00
105.50
106.00
105.75
105.75
105.50
105.75
105.75
105.50
105.25
105.25
105.25
105.50
105.50
105.50
105.25
104.75
104.75
105.50
105.75
105.75
105.25
105.25
105.50
105.25
105.00
105.25
105.75
105.25
105.25
105.50
105.00
105.50
105.25
105.25
104.50
105.00
105.25
104.75
105.25
104.75
105.50
105.25
105.00
104.75
105.00
105.25
104.75
105.25
105.00
105.00
105.25
105.00
105.25
105.00
105.25
105.00
105.25
104.75
105.00
104.75
105.25
105.25
105.00
104.50
105.00
104.75
104.50
104.50
104.75
104.75
104.75
104.75
104.50
104.50
104.75
104.75
105.00
104.50
105.00
104.75
104.00
104.50
104.75
104.75
104.25
104.75
104.75
104.75
104.75
104.75
104.75
104.75
104.50
104.50
104.50
104.50
104.25
104.00
104.50
104.50
104.50
104.50
104.25
104.50
104.50
104.25
104.50
104.25
104.25
104.25
104.00
104.25
103.75
104.50
103.75
104.50
104.75
104.00
104.75
104.25
104.00
104.25
104.25
104.25
104.25
104.00
104.25
104.50
104.50
104.50
104.25
104.25
104.25
103.75
104.25
104.25
104.25
104.25
104.25
103.75
103.75
103.75
103.75
104.00
104.25
103.75
104.00
103.75
104.00
103.75
104.00
103.75
104.00
104.25
104.00
103.75
104.00
104.00
104.00
104.00
104.00
103.75
103.75
103.75
103.75
103.75
103.50
103.50
104.00
103.75
103.75
103.75
103.75
103.50
103.75
103.50
104.00
103.50
103.50
104.00
103.75
103.50
104.00
103.75
103.50
103.00
103.50
103.50
104.00
103.50
104.00
103.75
103.25
103.75
103.50
103.50
103.50
103.25
103.75
103.75
103.50
103.50
103.00
103.50
103.25
103.25
103.00
103.50
103.25
103.25
103.50
103.50
103.50
103.25
103.25
103.25
103.25
102.75
103.50
103.25
103.25
102.75
103.25
103.00
103.50
103.25
103.25
103.25
103.50
103.25
103.25
103.25
103.25
103.00
103.50
103.25
102.75
102.75
103.25
103.50
103.25
102.50
103.00
103.00
102.75
102.75
103.00
102.50
103.00
103.00
103.25
103.00
103.25
103.25
102.75
103.25
103.00
103.25
103.00
103.25
102.75
103.00
102.75
103.25
103.00
102.50
102.50
102.75
102.50
102.75
102.75
102.75
102.50
102.75
102.50
102.75
102.75
102.75
102.75
102.75
102.75
102.75
103.00
102.75
102.50
102.75
102.75
102.75
102.50
102.75
102.50
102.75
102.50
102.00
102.25
102.50
102.50
102.00
102.75
102.75
102.75
102.25
102.50
102.75
102.50
102.75
102.75
102.50
102.50
102.75
102.25
102.50
102.00
102.50
102.50
102.50
102.50
102.50
102.25
102.50
102.25
102.25
102.00
102.25
102.25
102.00
102.25
101.75
102.50
102.25
102.50
102.25
102.50
101.50
102.25
102.25
102.00
102.00
102.50
102.00
102.25
102.25
102.25
102.00
102.25
102.75
102.25
101.75
102.00
102.00
102.25
102.50
102.25
102.25
102.50
101.50
102.50
102.25
102.50
102.00
101.75
102.00
101.75
102.25
101.75
102.50
102.00
101.75
102.25
102.25
102.00
102.25
102.00
102.00
102.25
101.75
101.75
101.75
102.00
102.25
101.75
102.25
102.25
101.25
102.25
102.25
102.00
101.50
101.75
102.00
101.75
101.75
102.00
101.75
102.00
101.75
102.00
102.00
102.00
102.00
101.50
102.00
101.50
101.25
101.75
101.00
101.50
101.50
102.00
102.00
101.50
101.50
102.00
101.75
101.50
101.25
101.75
101.75
101.75
101.75
101.25
101.50
101.75
101.75
101.75
101.75
101.25
101.25
101.25
101.25
101.75
101.50
101.75
101.75
101.75
101.25
101.75
101.75
101.75
101.50
101.25
101.50
101.50
101.25
101.50
101.25
101.50
101.75
101.50
100.75
101.50
101.25
101.25
101.50
101.25
101.00
101.00
101.75
101.50
101.25
101.50
100.75
101.00
101.00
101.50
101.50
101.00
101.50
101.75
101.25
101.25
101.25
101.50
101.25
101.25
101.00
101.25
101.25
101.25
101.25
101.25
101.25
101.25
101.50
101.25
101.25
100.75
101.25
100.75
101.00
101.50
101.25
101.25
100.75
101.00
100.50
100.50
100.75
100.75
100.75
101.25
100.75
101.25
100.75
100.75
101.25
100.75
101.25
101.25
100.75
101.25
100.75
100.75
100.75
101.25
100.75
101.25
101.25
101.25
101.00
101.25
101.25
101.25
101.25
101.00
101.25
100.75
100.75
100.75
101.00
100.75
100.75
101.00
100.50
100.50
101.00
100.75
101.00
101.00
101.00
100.75
101.00
101.00
101.00
100.00
100.75
100.75
100.50
101.00
100.50
101.00
101.00
100.75
100.75
100.75
101.00
100.00
101.00
100.75
100.50
100.50
101.00
100.25
100.75
100.50
100.75
100.75
100.75
100.25
100.75
100.75
101.00
100.50
100.50
100.50
100.25
100.75
100.50
100.25
100.25
100.75
100.50
101.00
100.75
100.50
100.25
100.25
100.50
100.25
100.25
100.50
100.75
100.25
100.75
100.50
100.50
100.25
100.00
100.50
100.50
100.50
100.75
100.50
100.75
100.25
100.50
100.75
100.50
100.50
100.25
100.75
100.25
100.25
100.25
100.25
100.00
100.25
100.75
100.50
100.50
100.50
100.50
100.50
100.75
100.75
100.50
100.50
100.50
100.25
100.50
100.25
100.50
100.00
100.25
100.50
100.25
100.50
100.75
99.75
100.25
100.50
100.50
100.75
100.50
100.50
100.25
100.75
100.00
100.25
100.00
100.25
100.00
100.25
100.25
100.50
100.00
100.25
100.25
100.00
100.25
100.25
100.50
100.00
100.50
100.25
100.00
100.25
100.50
99.75
100.25
99.75
100.00
100.00
100.25
99.50
99.75
100.00
99.75
100.00
100.25
100.00
100.25
100.50
100.00
99.75
100.00
99.75
100.25
100.00
99.75
100.00
100.00
100.00
100.00
100.25
100.25
100.25
100.25
99.50
99.50
99.75
100.25
100.00
100.00
99.50
99.75
99.75
99.75
99.75
100.25
99.25
100.00
100.25
99.50
99.75
99.75
100.00
99.75
100.25
100.00
100.00
100.25
100.25
100.00
100.00
100.25
100.50
99.75
100.25
100.25
99.50
100.00
100.25
99.75
99.75
100.25
100.25
100.25
99.50
99.25
99.75
100.00
99.75
99.50
100.00
99.00
99.75
99.25
99.00
99.25
99.25
99.75
100.00
99.25
99.75
100.00
99.50
100.25
99.75
99.75
99.75
100.00
100.00
100.00
100.00
100.00
100.25
100.00
99.75
99.50
100.00
100.00
99.50
100.00
100.25
99.75
99.75
99.75
99.50
99.75
99.00
99.50
99.25
99.50
99.25
99.75
99.75
99.50
99.50
99.25
99.25
99.00
99.50
99.50
99.25
99.00
99.25
99.75
99.00
99.50
99.75
99.00
99.50
99.75
99.50
100.00
99.75
99.75
99.50
99.25
100.00
99.50
99.75
99.25
99.75
99.25
99.50
99.00
99.00
99.50
99.25
99.50
99.50
99.25
98.75
99.50
99.00
98.50
99.25
99.25
98.75
99.00
99.00
99.25
99.25
99.00
99.25
99.25
99.75
99.50
99.50
99.50
99.25
99.50
99.50
98.50
99.00
99.00
99.25
99.00
98.75
99.50
99.25
99.25
99.00
99.25
98.75
99.25
99.25
99.50
99.50
99.25
99.00
99.50
99.50
99.00
99.00
99.50
99.25
99.50
99.25
99.50
99.75
99.75
99.50
99.50
99.50
99.00
99.50
98.75
99.00
99.25
99.25
99.00
99.00
99.25
99.25
98.75
99.25
99.25
99.25
99.25
99.25
99.25
99.00
99.25
99.00
98.25
99.00
99.25
99.00
98.75
98.75
99.00
98.75
98.75
98.75
98.75
98.75
98.75
98.75
99.00
98.50
98.50
99.00
99.00
98.75
99.25
98.75
98.75
99.25
99.25
98.75
98.75
98.75
99.50
99.50
99.50
99.50
99.00
99.50
99.00
99.50
99.25
99.00
99.25
99.50
99.25
98.75
98.75
99.50
99.00
98.75
98.75
99.25
98.25
99.25
99.25
99.00
99.00
99.50
98.75
99.25
98.50
99.25
99.25
99.00
99.25
98.50
98.75
99.00
98.50
98.75
98.75
99.00
99.00
98.75
99.00
98.50
99.00
98.75
98.75
99.25
98.25
98.50
98.75
99.00
98.50
98.75
99.00
98.50
99.00
99.00
98.50
99.00
98.50
98.50
98.50
98.75
98.00
99.00
98.75
98.25
98.50
99.00
98.75
98.25
98.75
98.50
98.50
98.50
98.00
98.50
98.50
98.50
98.25
98.00
98.25
98.25
98.50
98.25
98.50
98.50
98.50
99.00
98.75
99.00
99.00
98.75
99.00
99.00
99.00
99.00
99.25
99.25
98.75
99.25
99.00
98.50
99.00
99.00
99.00
98.75
98.50
99.00
99.00
98.75
98.75
98.75
98.25
98.75
99.00
98.75
98.50
98.75
98.50
98.50
98.50
98.25
98.50
98.50
98.50
98.75
98.50
98.50
98.50
98.50
98.50
98.00
98.50
98.50
98.50
98.50
98.50
98.25
98.50
98.50
98.25
98.25
98.50
98.00
97.75
98.25
98.25
97.75
98.25
97.75
98.50
97.75
98.25
98.25
98.25
98.00
98.00
98.75
99.00
98.75
98.50
98.75
98.50
98.75
98.50
99.00
98.75
98.25
98.50
98.00
98.50
98.50
98.00
98.00
98.00
98.25
98.25
98.50
98.50
98.25
97.75
98.25
97.75
98.00
98.00
98.25
98.25
98.25
97.50
97.75
98.25
98.00
98.00
98.00
98.25
97.50
98.25
98.25
98.25
98.00
98.25
98.25
98.25
98.50
97.75
98.00
98.00
98.25
98.00
98.25
97.75
98.25
98.25
98.25
98.25
98.25
98.00
97.50
98.00
98.00
98.00
98.25
98.50
98.25
98.00
98.25
97.75
98.00
98.25
98.00
98.25
98.00
97.75
98.25
98.00
98.25
98.25
97.75
98.00
98.00
97.75
98.25
98.00
98.00
98.25
98.00
98.00
98.00
98.25
98.00
98.25
98.25
97.75
97.75
97.75
98.25
98.25
98.50
98.00
98.25
98.25
98.25
98.25
97.75
98.25
98.00
98.25
97.75
98.25
97.25
98.25
98.00
98.25
97.75
97.75
98.25
98.50
98.25
98.25
98.25
98.25
97.75
98.25
98.25
98.00
97.50
98.25
98.25
98.25
97.75
98.00
98.25
98.00
98.25
98.25
97.75
98.25
98.25
98.25
98.00
98.25
97.75
97.75
98.00
97.25
97.75
98.25
98.00
97.75
98.00
97.50
98.00
98.00
98.00
98.00
97.75
98.00
97.50
98.00
98.25
98.25
98.00
98.25
98.25
98.25
97.75
98.25
98.25
98.25
98.25
97.75
98.00
97.75
98.25
98.25
98.25
98.00
97.25
97.75
97.50
98.25
98.00
97.50
97.50
98.00
98.00
97.75
97.50
97.75
97.75
98.00
98.25
97.75
98.25
98.00
98.00
98.00
98.00
97.50
97.75
97.50
97.50
98.00
98.00
97.75
98.00
98.00
98.00
98.00
97.25
98.25
97.50
97.00
98.00
98.25
97.50
97.00
98.00
97.75
97.50
97.00
97.50
97.75
97.50
97.50
98.25
98.25
98.25
98.50
98.25
98.25
98.00
98.00
98.25
98.00
98.25
97.50
98.25
98.00
97.75
97.75
98.00
97.75
97.75
97.50
97.50
97.75
97.50
97.50
98.00
98.00
98.00
97.00
97.75
98.00
97.75
97.75
97.75
97.50
97.50
97.50
97.50
97.25
97.75
97.50
97.50
97.25
97.00
97.50
97.50
96.75
97.00
97.50
97.00
97.25
97.25
97.50
97.50
96.75
97.50
97.25
97.25
97.75
97.25
97.75
97.50
97.75
97.50
97.50
97.50
98.00
98.00
97.50
97.50
97.50
98.00
98.00
97.75
98.00
98.00
98.00
97.75
98.00
98.00
97.25
97.75
98.00
98.00
97.50
98.00
97.75
97.00
97.75
97.75
98.00
97.75
97.75
97.25
97.75
97.25
97.25
97.75
97.75
97.75
97.25
97.00
97.75
97.25
97.75
97.00
97.50
97.50
97.25
97.50
97.25
97.75
97.25
97.25
96.75
97.00
97.75
97.50
97.75
97.25
97.75
97.75
97.75
97.50
97.00
97.50
96.75
97.50
97.75
97.50
97.75
!¥
×Ü œ¼JÝý1ÕÕÝ¼…Õ!š¥ª1ÿ97.50
97.25
96.75
97.00
97.50
97.00
97.00
97.50
97.00
96.50
97.25
97.25
97.25
96.75
97.25
97.00
97.00
97.25
97.25
96.25
96.25
96.75
96.25
97.00
96.50
97.25
96.50
97.00
96.25
97.00
96.75
97.00
96.75
96.75
96.75
96.75
96.75
96.75
96.75
96.75
96.75
96.50
96.75
97.00
96.00
96.25
96.25
96.75
96.00
96.50
96.50
96.25
96.50
96.75
96.50
96.50
96.75
96.00
96.50
96.50
96.50
96.50
96.50
96.50
96.25
96.00
96.25
96.25
96.50
95.75
95.75
95.75
96.25
95.75
95.75
96.00
