
¥
×Ü œSJÝý1ÕÕÝ1!ª­È!¦Jþ48.50
48.50
48.50
47.75
48.00
48.00

¥
×ÌÞŒl¶MOŠJˆ!y¦Jþ48.25
48.00
48.00
48.00
48.00
47.75
48.25
48.00
49.00
49.50
50.25
50.00
51.00
51.25
51.50
51.75
51.75
51.75
52.50
53.00
53.50
53.75
53.50
54.00
53.75
53.75
53.75
53.75
54.00
53.50
53.75
55.00
55.00
54.50
55.25
55.50
56.00
56.50
56.00
56.25
56.75
56.50
57.00
56.75
57.75
58.00
58.50
59.00
58.75
59.25
59.75
59.50
60.25
60.25
60.75
61.00
61.75
62.00
62.25
62.00
62.50
62.25
62.25
62.00
62.00
61.25
62.00
62.00
62.25
62.75
63.25
63.75
63.50
64.75
65.00
65.25
64.75
65.25
65.00
65.75
66.00
66.25
67.00
67.50
67.00
67.00
67.50
67.50
67.00
67.75
68.75
68.75
69.00
69.75
70.25
70.50
71.25
71.25
71.50
71.75
72.25
72.25
72.75
72.75
72.50
73.50
73.00
73.25
73.25
73.00
73.00
73.25
73.50
74.00
74.25
74.50
74.50
75.25
75.75
75.75
76.50
77.25
77.00
77.75
77.75
77.25
78.00
78.25
78.25
78.50
79.00
79.50
79.50
79.50
79.75
79.75
80.25
80.00
80.50
80.50
80.25
79.75
79.25
79.75
79.75
80.00
80.00
79.75
80.75
80.75
81.50
81.00
82.50
83.25
83.75
84.25
84.00
85.00
85.00
85.75
85.00
85.50
85.00
85.75
85.75
85.25
85.50
86.00
86.25
86.00
86.00
86.25
87.25
87.50
88.25
88.00
88.25
88.50
88.00
88.50
87.75
87.75
88.50
88.50
89.50
89.00
89.50
90.25
90.00
89.75
90.75
90.50
91.50
92.00
92.00
91.50
92.25
92.00
92.50
91.50
91.50
91.00
91.00
91.00
91.50
92.00
92.50
92.50
92.75
92.75
93.25
94.75
95.00
95.25
94.75
96.00
95.50
95.25
95.50
95.00
94.75
94.75
94.75
94.75
94.75
95.25
95.25
95.50
96.50
97.50
96.75
97.25
97.00
97.50
97.75
98.00
98.00
98.25
98.50
98.75
99.50
99.75
99.50
100.25
100.25
100.75
100.75
100.75
100.75
100.75
101.75
101.25
102.00
102.00
102.00
102.25
102.50
103.00
103.50
103.75
103.50
104.00
103.75
104.00
104.25
104.75
104.25
104.75
104.75
105.25
106.00
105.75
105.25
106.00
106.00
106.00
105.50
106.25
106.25
106.75
107.00
107.00
107.00
107.25
107.25
107.50
107.50
107.75
107.50
108.25
108.75
108.25
109.00
109.00
109.50
109.25
109.50
110.25
110.00
110.00
110.25
110.75
110.50
111.00
111.25
111.00
111.50
111.50
111.50
111.50
112.00
111.75
112.75
112.75
113.25
113.25
113.25
112.75
113.25
113.25
113.50
113.25
113.75
113.75
113.25
113.75
113.75
114.00
114.50
115.25
115.25
115.75
115.50
116.00
115.75
115.75
116.00
116.00
115.50
116.00
116.50
116.75
117.00
116.75
117.50
117.50
117.75
117.50
118.00
118.25
118.50
118.00
118.25
118.75
118.75
118.75
118.50
119.00
119.25
119.50
119.00
120.00
120.00
120.00
120.25
120.50
120.00
121.00
121.50
121.25
121.75
121.50
122.00
122.00
122.50
122.50
122.50
122.75
123.00
123.00
123.00
123.75
123.25
123.75
124.00
124.00
124.50
124.75
124.50
125.00
125.50
125.25
125.75
126.00
126.75
127.25
127.50
127.75
127.75
127.00
127.25
127.25
127.25
126.25
126.00
126.00
125.50
125.50
125.50
125.75
125.25
125.25
125.50
125.00
125.75
125.50
125.75
125.00
125.50
125.25
125.00
125.00
125.00
124.25
124.75
124.75
124.50
124.25
124.50
124.25
124.50
124.25
124.00
124.25
124.25
124.75
124.00
124.00
124.00
124.50
124.25
124.50
124.00
124.50
124.50
124.75
125.00
124.75
124.75
124.75
124.75
124.25
124.25
124.75
124.75
124.25
124.50
124.50
124.75
124.25
124.50
123.75
124.00
124.25
124.00
124.25
124.00
124.00
123.75
123.75
123.50
123.75
123.25
123.75
123.75
123.75
123.25
122.75
123.00
122.50
122.25
122.25
122.25
122.00
122.25
122.25
121.75
122.50
121.75
121.50
121.75
121.50
121.50
122.00
122.00
122.25
122.00
122.25
122.50
122.25
122.75
121.75
122.25
122.50
122.50
122.50
122.25
122.50
122.00
121.75
122.00
122.00
122.00
122.00
121.50
121.50
121.00
121.25
121.00
121.00
121.00
120.25
120.75
120.75
120.75
121.00
121.50
121.50
121.50
121.50
121.00
121.50
121.25
120.75
120.25
120.75
120.75
120.50
120.50
120.75
120.25
120.25
120.25
120.50
120.25
120.00
120.00
119.25
119.25
119.25
119.25
119.50
119.50
119.50
119.50
119.25
119.25
119.75
119.75
119.50
119.50
119.25
119.25
119.25
119.25
118.50
119.25
119.00
119.25
118.75
118.75
118.50
118.75
119.00
118.25
118.75
118.75
118.75
118.75
118.00
118.25
118.25
118.50
119.00
118.50
118.50
118.50
117.75
118.50
118.50
118.25
118.75
118.00
118.25
118.00
118.00
117.75
117.75
117.75
117.75
117.75
118.00
118.00
117.50
117.50
118.00
117.50
117.50
117.50
117.25
117.50
117.50
117.75
117.25
117.25
117.25
117.00
117.00
117.25
117.00
117.25
117.50
117.00
117.50
117.50
117.25
117.25
117.25
117.50
117.50
117.50
117.50
117.75
117.50
117.25
117.50
117.25
117.50
117.25
117.50
117.00
117.25
117.00
117.25
116.50
116.75
117.00
117.25
117.00
117.00
117.00
117.00
116.75
117.00
117.00
116.50
116.50
117.00
116.50
116.50
116.75
116.50
116.00
116.50
116.00
116.50
116.25
116.00
115.75
116.00
116.00
115.75
116.25
115.75
115.75
115.25
116.00
115.75
115.50
115.75
115.50
115.75
115.25
115.50
115.50
115.25
116.00
116.00
115.50
115.50
115.75
115.25
116.00
116.00
115.00
115.00
115.00
114.75
115.25
115.25
115.25
114.75
115.25
115.00
114.75
115.00
114.25
114.75
115.25
114.75
114.25
114.00
114.00
114.50
114.50
114.50
114.50
114.50
114.25
114.50
114.00
114.50
114.25
114.50
114.50
114.25
114.50
114.25
114.50
114.00
114.25
114.25
114.50
114.25
114.50
114.00
114.25
114.00
113.75
113.75
113.50
113.75
114.00
114.00
113.75
113.50
113.50
113.75
113.25
113.25
113.00
113.50
113.75
112.50
113.00
113.25
113.50
113.00
113.50
113.00
113.00
112.75
113.25
112.25
113.25
112.50
112.75
112.75
113.00
112.75
112.25
112.75
112.75
112.75
112.75
112.75
112.50
112.75
112.75
112.25
113.00
112.50
112.50
112.75
112.00
112.50
112.75
112.00
112.50
112.50
112.25
111.75
112.25
112.50
112.25
112.25
112.00
112.25
112.25
111.50
112.00
112.00
111.75
112.00
111.50
112.00
112.00
112.00
112.00
111.75
112.00
111.75
111.50
111.75
111.00
111.75
111.50
111.25
111.25
111.00
111.50
111.50
111.25
111.50
111.00
111.25
111.00
111.50
111.25
111.50
111.25
110.75
111.00
111.25
111.25
110.75
110.75
111.00
110.75
111.00
110.75
111.00
111.00
110.50
110.75
110.50
110.50
110.75
110.75
110.50
110.00
110.75
110.25
110.00
110.50
110.50
