80.00
80.75
80.75
81.50
81.00
82.50
83.25
83.75
84.25
84.00
85.00
85.00
85.75
85.00
85.50
85.00
85.75
85.75
85.25
85.50
86.00
86.25
86.00
86.00
86.25
87.25
87.50
88.25
88.25
88.50
89.00
89.25
89.00
90.00
90.50
90.25
91.00
91.25
91.25
90.75
91.25
91.25
91.25
91.50
91.00
91.25
91.50
92.50
92.75
93.25
93.75
93.50
94.00
94.00
94.25
94.00
94.00
94.50
94.50
95.50
95.00
96.25
97.00
96.75
96.25
96.50
97.00
97.25
97.25
98.50
98.75
98.25
99.00
98.50
99.00
99.25
99.75
99.75
99.50
100.00
100.25
100.00
100.25
100.50
101.25
101.00
101.50
101.50
102.00
102.00
102.50
102.50
103.00
102.75
103.25
103.50
103.50
103.75
103.75
104.25
104.25
104.50
105.00
105.00
105.50
105.50
105.00
105.25
105.75
106.00
106.25
106.50
106.25
107.00
106.75
106.75
107.75
107.50
108.25
108.50
108.50
108.25
109.25
109.75
109.50
109.75
109.75
110.25
110.25
110.50
110.50
110.75
111.50
111.25
112.00
112.25
112.25
112.50
112.25
113.00
113.00
113.25
113.50
113.50
113.25
114.00
114.25
114.00
114.25
114.50
115.00
115.25
115.25
115.50
115.75
115.50
115.75
116.00
115.50
116.75
116.25
116.25
117.25
117.25
117.25
117.75
117.25
117.75
117.75
118.00
118.25
118.25
117.75
117.75
118.25
118.25
118.25
118.25
118.50
118.25
118.25
117.75
118.00
118.00
117.75
117.75
117.50
117.25
117.50
117.50
117.25
117.50
117.25
117.25
118.00
118.00
117.25
117.75
117.75
117.50
117.50
117.75
117.75
117.75
117.25
117.75
117.25
117.50
117.75
117.25
117.50
117.25
117.25
117.25
117.25
117.25
117.25
116.75
117.00
117.00
117.00
116.50
116.75
116.25
116.75
116.50
116.50
116.75
116.25
116.25
116.50
116.00
116.50
116.00
115.50
116.50
116.00
115.50
116.50
116.25
116.25
116.25
116.50
116.25
116.00
116.00
115.50
116.00
115.75
116.00
116.00
115.25
115.50
115.75
115.50
115.75
115.25
116.00
115.75
115.75
115.25
115.50
115.25
114.75
115.00
115.00
115.25
114.75
115.00
114.00
114.75
114.75
114.75
114.25
114.75
114.75
114.75
114.75
114.00
115.00
115.00
115.00
114.75
115.00
114.75
114.25
114.50
114.50
114.25
114.25
114.00
114.25
114.25
113.25
113.50
114.00
113.50
113.75
113.50
113.75
114.00
113.50
113.75
113.00
114.00
113.50
113.75
113.75
113.50
114.00
114.00
113.50
113.75
113.50
113.00
113.50
113.50
113.50
114.00
113.50
113.50
113.25
113.50
113.75
113.25
113.75
113.25
113.00
113.25
113.50
113.25
112.50
113.25
113.25
113.25
112.75
112.75
113.25
112.75
113.00
112.50
113.00
113.25
113.00
113.00
112.75
113.00
112.75
112.75
112.75
112.50
112.25
112.00
112.00
112.00
111.75
111.75
111.50
112.00
112.00
111.75
111.25
112.25
112.50
111.75
112.25
112.25
112.25
112.25
112.00
111.75
111.75
112.00
111.50
111.50
111.50
112.00
111.25
112.00
112.00
111.50
111.25
111.00
111.75
111.50
111.25
111.00
111.75
112.00
112.00
112.25
112.25
112.50
112.75
113.00
113.00
113.25
113.25
113.50
114.00
114.00
114.00
114.25
114.50
115.25
115.50
115.25
116.00
115.50
116.50
116.50
116.75
116.50
117.25
117.50
118.00
118.00
118.00
118.00
118.25
118.25
118.00
118.00
117.50
118.00
117.75
118.00
117.50
117.50
117.25
117.50
117.25
117.75
117.75
117.75
118.00
118.00
117.25
117.75
117.25
117.50
117.75
117.75
117.50
117.75
117.50
117.25
117.25
117.25
117.00
116.00
116.75
117.00
117.00
116.50
116.50
117.00
117.25
116.75
117.00
117.25
117.00
116.50
116.75
116.50
116.50
116.50
116.25
116.25
116.25
116.25
116.25
116.00
115.75
116.00
116.00
116.25
115.75
116.00
116.00
115.50
116.00
116.00
115.50
116.00
115.75
115.50
115.75
115.75
115.00
116.00
115.75
115.50
114.75
115.25
115.50
115.50
115.50
115.25
115.00
115.00
115.25
114.75
115.00
115.25
115.25
115.50
115.00
115.50
114.75
115.50
115.50
115.00
115.50
115.00
114.75
114.75
114.75
114.50
114.75
114.50
114.25
114.25
114.50
114.75
114.00
114.50
114.00
114.00
114.25
114.00
114.25
113.50
114.50
114.50
114.50
114.50
114.00
114.75
114.50
114.25
114.50
114.50
113.75
114.25
114.25
113.50
114.00
113.50
113.50
113.25
113.75
113.75
114.00
114.00
113.00
114.00
114.00
113.75
113.00
113.50
113.00
113.25
112.75
113.00
112.25
112.75
112.75
113.50
112.75
113.50
113.00
113.00
113.25
113.50
113.50
113.50
112.75
112.75
112.50
112.75
113.00
112.75
112.75
112.75
113.00
112.75
112.50
112.50
112.50
112.50
112.25
111.75
112.25
112.50
112.50
112.25
112.25
112.00
112.25
112.25
112.00
112.75
112.25
112.25
112.00
112.75
112.50
113.25
113.00
113.50
113.75
113.25
113.75
114.00
114.25
114.75
114.75
115.00
115.75
115.50
116.25
116.25
116.75
117.00
117.25
117.25
116.50
117.25
117.00
116.50
116.50
116.25
116.25
116.00
116.25
116.00
115.75
116.25
116.00
116.75
116.50
116.25
116.25
115.75
116.25
115.75
116.25
116.00
116.25
116.50
116.25
116.50
116.00
116.25
115.75
115.75
115.25
116.00
116.00
115.75
115.00
115.50
115.25
115.50
115.25
115.50
115.50
115.25
115.00
115.25
115.25
114.75
115.25
114.75
114.75
114.75
115.25
115.00
115.00
115.00
114.75
114.75
115.00
115.00
115.25
115.00
115.00
114.75
114.75
115.00
115.25
114.75
114.75
114.75
115.25
115.00
115.00
115.00
114.50
114.25
114.50
114.50
114.25
114.50
114.25
114.25
114.25
114.00
113.50
114.25
113.75
114.00
114.00
114.50
114.50
114.00
114.25
113.50
114.25
114.25
114.50
114.00
114.25
114.25
114.00
113.75
114.25
114.00
113.75
114.25
113.75
113.75
114.00
113.75
113.75
113.50
113.50
113.25
113.25
113.00
113.00
113.00
112.75
113.00
113.00
113.00
112.75
112.25
113.25
113.50
113.25
113.00
112.75
113.00
112.75
112.50
112.50
112.50
112.00
112.75
113.25
113.00
112.50
112.50
112.25
112.00
112.25
112.00
112.25
112.25
112.00
112.00
111.75
112.25
112.50
111.75
112.00
112.00
112.25
112.25
112.50
112.50
111.75
112.00
111.75
112.00
112.00
112.00
111.75
111.75
111.75
111.50
112.25
112.00
112.25
111.75
112.75
113.00
113.00
112.75
113.25
113.75
113.50
114.25
114.50
115.00
115.00
115.25
114.75
115.25
115.25
115.75
116.25
116.00
116.25
116.25
116.50
117.25
117.50
117.50
117.50
117.75
117.50
117.50
117.50
117.50
117.75
117.75
117.50
117.75
117.25
117.25
117.25
116.75
116.75
116.75
117.00
116.50
117.00
116.50
116.75
117.00
117.00
116.75
116.50
117.00
117.00
117.25
116.75
117.00
116.75
116.75
116.00
116.50
116.25
115.75
115.75
116.25
115.75
116.25
115.75
116.00
116.00
115.75
116.00
115.75
116.00
116.25
116.00
116.00
116.25
116.00
116.25
116.00
116.00
116.00
116.00
115.75
114.75
115.25
115.25
115.00
114.75
115.00
115.00
115.00
115.50
115.50
116.00
115.00
115.25
