35.25
35.50
36.25
36.00
35.75
35.75
36.75
36.50
37.00
36.50
37.00
36.75
36.50
36.25
37.25
37.50
37.50
38.00
38.25
38.25
38.50
39.00
39.50
40.25
41.25
41.75
42.00
43.25
43.00
44.50
45.00
45.75
46.00
45.00
45.00
44.75
44.75
45.00
44.00
44.25
45.00
45.50
46.50
47.00
47.50
48.50
48.50
49.00
49.50
49.75
49.25
49.00
49.00
48.75
49.25
49.50
49.25
50.00
50.00
50.25
51.00
51.00
50.50
50.25
50.50
51.75
51.50
51.25
51.25
51.75
52.00
52.50
52.00
52.25
53.00
53.25
53.50
54.25
54.25
54.75
54.75
54.75
55.00
55.25
55.00
54.75
55.25
55.50
55.75
56.25
56.25
56.75
57.25
57.75
58.00
58.50
59.25
58.75
59.00
59.25
59.25
59.75
60.50
60.50
59.75
60.25
59.50
60.00
60.75
60.75
62.00
63.25
63.50
64.00
64.50
64.25
64.25
64.75
64.25
64.50
65.25
64.50
64.50
65.25
64.50
65.00
65.00
64.75
65.50
66.00
66.00
66.25
67.25
68.00
68.25
67.75
68.00
67.75
68.00
68.25
68.25
69.00
69.00
69.00
69.50
70.25
69.75
70.25
70.00
71.00
70.75
71.25
72.25
72.50
72.25
72.50
73.50
73.50
73.25
73.75
74.50
74.25
73.50
75.00
75.50
75.00
75.25
76.25
75.75
75.75
76.00
77.00
76.75
77.25
77.25
77.50
77.00
78.00
78.00
77.50
77.75
79.00
79.00
78.25
79.75
80.25
79.75
80.50
81.25
80.25
80.50
81.50
81.25
80.75
81.75
80.75
80.25
80.75
80.75
80.00
81.25
81.25
80.50
81.50
81.25
81.00
81.75
82.00
81.75
82.25
82.50
82.50
83.25
83.75
84.00
85.25
85.50
85.00
85.00
84.75
85.25
84.50
85.00
85.50
84.75
84.75
86.00
86.00
85.50
86.50
88.00
87.00
87.25
88.00
87.75
87.00
87.50
87.50
87.25
88.00
88.00
87.50
88.50
88.50
89.00
90.50
90.50
90.25
91.25
90.50
90.75
92.00
90.75
91.50
92.00
91.75
91.25
93.00
92.75
92.50
93.25
92.50
92.00
93.25
93.75
92.25
92.75
94.00
93.25
94.00
95.50
94.75
95.00
95.50
96.00
95.00
95.25
95.75
96.75
95.75
95.25
96.75
96.75
96.50
96.50
98.50
97.25
97.50
98.25
98.50
97.75
99.50
99.25
99.00
100.50
100.00
99.75
100.00
99.00
100.75
101.00
100.25
102.00
101.75
102.00
101.75
101.50
102.00
101.50
102.00
102.25
102.25
102.50
102.25
102.25
102.00
102.50
102.25
102.75
102.75
102.75
102.75
101.75
102.25
102.50
102.50
102.25
102.00
102.50
102.25
102.25
102.25
101.75
102.00
101.75
102.00
102.00
101.50
101.75
101.75
101.25
101.75
101.50
101.75
101.25
101.75
101.25
101.50
101.50
101.50
101.25
101.00
101.25
101.50
101.25
101.25
101.25
100.75
101.75
101.25
100.50
101.25
101.00
100.75
101.00
100.25
100.50
100.50
101.25
100.75
100.75
100.00
100.50
100.75
100.25
100.75
100.50
100.50
100.50
100.00
100.50
100.50
100.50
100.25
100.25
100.25
100.25
100.50
100.00
100.25
100.25
100.00
99.75
99.75
99.75
99.75
99.50
100.00
100.00
100.00
100.00
100.25
99.75
100.00
100.00
100.00
100.25
99.75
100.25
100.25
99.50
100.50
101.25
100.25
101.25
102.25
101.50
102.25
102.50
102.50
102.75
102.75
103.25
102.75
102.25
102.50
102.50
102.25
102.50
102.75
102.00
102.50
102.50
102.50
102.50
102.50
102.25
102.25
102.00
102.00
102.25
102.50
102.50
102.50
102.50
102.25
102.50
102.50
102.00
101.75
102.00
102.75
102.75
102.50
102.25
102.25
102.00
102.25
102.75
102.25
101.75
102.50
102.50
102.50
102.25
102.25
102.00
102.25
102.00
102.00
101.75
102.00
102.00
102.00
102.00
102.00
101.50
101.75
101.75
101.75
101.75
101.25
101.25
101.50
101.50
101.75
101.25
101.50
101.50
101.50
101.50
101.50
101.50
101.00
101.00
101.50
101.00
101.00
101.00
100.50
101.00
100.50
101.00
101.25
101.00
101.25
100.75
101.00
100.50
101.00
100.50
100.50
101.00
100.50
100.75
100.50
100.50
100.75
99.75
100.75
100.50
100.75
100.25
100.25
100.50
100.75
100.50
100.25
100.50
100.75
100.75
100.25
