28.00
28.00
28.25
28.25
28.75
28.75
28.75
29.00
28.75
29.75
30.00
30.25
30.25
31.25
31.25
31.75
32.50
33.00
32.50
33.00
33.75
34.25
33.50
33.75
33.50
33.00
32.75
33.00
32.75
33.00
33.00
33.25
33.25
34.25
34.00
34.25
35.00
35.50
35.75
36.25
36.75
37.75
38.50
39.00
39.00
39.75
39.75
39.75
40.50
40.25
40.50
41.00
40.50
40.50
40.75
40.75
40.50
40.50
40.50
41.50
41.25
41.75
41.75
41.50
42.00
41.75
42.25
42.00
42.50
42.50
42.75
43.75
44.00
43.75
44.50
44.50
45.25
45.00
45.00
45.50
45.50
45.75
45.75
45.75
46.00
46.50
46.00
46.25
46.75
46.75
47.75
48.00
48.25
48.25
48.75
48.50
49.50
49.00
49.00
49.00
49.50
49.75
49.75
50.25
50.25
50.75
51.00
51.25
51.50
51.50
51.75
52.25
52.50
52.75
53.00
53.00
53.00
53.50
53.50
53.50
54.25
54.25
54.25
54.50
54.50
54.75
55.00
55.25
55.00
55.00
55.50
55.25
56.00
56.50
56.50
57.25
57.75
57.50
58.00
58.00
58.75
58.25
58.50
59.00
59.25
59.50
59.75
60.00
59.75
60.00
60.50
60.75
61.25
61.75
61.75
62.25
62.00
62.25
62.75
62.75
63.00
63.25
63.50
64.00
64.50
64.75
65.25
66.00
65.75
66.50
67.25
67.75
67.75
67.50
67.50
67.75
68.75
68.50
68.25
68.25
68.50
68.75
69.00
69.25
69.25
69.75
70.00
69.75
70.00
70.25
70.00
70.25
70.25
69.50
70.25
70.25
70.25
71.00
71.00
71.25
71.75
71.50
71.50
71.25
72.00
72.00
72.25
72.75
73.00
73.50
73.75
74.50
75.00
75.50
76.25
76.25
76.25
77.00
76.75
76.50
76.50
76.50
76.75
76.75
77.00
76.75
77.50
77.50
78.00
78.00
78.50
78.75
79.25
79.25
79.00
79.25
79.25
79.50
80.25
80.25
80.50
80.50
81.00
81.00
81.25
81.75
82.00
82.50
82.50
83.75
84.00
84.25
84.25
84.00
84.00
84.25
84.00
85.00
85.50
85.75
86.00
86.50
87.50
87.25
87.75
87.75
88.25
87.00
87.25
87.50
87.50
87.75
88.00
88.00
89.25
89.00
89.50
89.00
88.75
89.25
89.00
89.00
89.50
90.00
90.50
91.00
91.25
91.25
92.00
92.00
92.75
93.00
93.00
92.75
93.50
92.75
93.75
94.00
93.75
94.00
93.75
94.00
94.25
94.50
95.00
95.00
95.25
94.75
95.50
94.75
95.75
95.75
95.75
95.50
95.25
95.75
96.00
96.50
96.75
96.75
97.00
97.25
97.25
97.00
97.00
97.25
97.50
97.50
97.50
97.50
97.75
98.00
97.75
97.25
97.25
97.25
97.50
97.75
97.25
97.50
97.50
97.50
97.50
97.50
97.25
97.25
97.00
97.25
97.25
97.00
96.75
97.00
97.00
96.50
97.00
96.75
97.00
97.00
96.75
96.75
96.50
96.25
96.25
96.50
96.50
96.75
96.50
96.00
96.50
96.25
96.25
96.25
96.25
96.25
95.75
96.25
96.00
96.25
95.75
95.75
96.00
95.75
95.25
95.75
95.75
95.75
95.75
95.75
95.25
95.75
95.25
95.00
95.50
95.25
95.00
95.50
95.00
94.75
95.25
95.25
95.25
95.00
95.00
95.00
94.75
95.00
95.00
94.25
94.75
95.00
94.75
95.25
94.75
95.50
95.50
96.50
96.75
96.50
97.00
96.75
97.25
96.75
96.75
96.25
96.00
96.25
97.00
96.25
96.75
96.25
96.50
96.25
96.75
96.75
96.25
96.75
96.50
96.50
96.75
96.25
96.75
96.75
96.75
96.50
96.75
96.75
96.50
96.50
96.50
96.25
96.00
96.50
96.25
96.25
96.25
96.50
96.25
96.25
96.50
96.00
96.25
96.00
96.00
95.75
96.00
96.25
95.50
95.75
95.75
95.25
95.00
95.25
95.25
95.75
95.75
95.75
95.75
95.25
95.50
95.75
95.50
95.50
95.00
95.50
95.25
95.00
94.75
95.00
95.00
95.25
95.00
95.00
95.00
94.75
94.75
94.75
95.00
94.75
94.75
95.00
95.25
95.00
95.50
95.00
96.00
95.75
96.25
96.00
96.00
96.00
95.75
96.00
95.75
96.50
97.00
96.75
97.25
98.25
99.25
99.75
99.50
98.75
98.50
99.25
98.75
99.25
99.25
99.25
99.50
99.75
99.50
99.75
99.50
98.75
99.25
99.50
99.50
99.00
98.75
99.00
99.25
99.00
99.25
99.25
98.75
98.75
99.25
99.00
99.00
98.50
99.00
99.00
99.00
99.00
99.00
99.00
98.00
98.25
98.25
98.25
98.25
98.50
98.50
98.50
98.00
98.75
98.50
98.00
98.25
98.50
98.00
98.25
98.25
98.00
98.00
97.75
98.25
97.75
98.00
98.00
98.50
97.75
97.75
98.00
97.75
97.75
97.50
97.75
97.75
96.75
97.50
96.75
97.50
97.50
97.25
97.75
97.50
97.00
97.50
97.25
97.75
97.25
97.50
97.00
97.25
97.00
97.75
97.25
97.00
97.50
97.75
97.25
97.25
97.00
97.50
97.00
97.25
97.25
96.75
97.00
97.25
97.00
96.75
96.75
97.00
96.75
96.75
96.50
97.00
96.75
96.75
97.00
96.25
96.75
96.25
96.50
96.25
95.75
96.50
95.25
95.25
96.00
95.50
95.00
95.00
95.50
95.00
95.50
95.75
95.50
94.75
95.00
95.25
95.00
95.50
95.00
95.25
95.25
95.75
95.50
95.75
95.00
95.00
95.50
95.75
95.25
95.00
95.50
95.00
95.25
95.25
95.00
94.75
95.00
95.25
95.50
95.75
96.25
95.75
96.25
95.50
95.50
95.75
96.25
96.50
96.25
97.00
96.75
97.25
97.50
98.00
98.00
98.50
97.75
98.75
98.25
98.75
98.75
98.75
98.00
98.25
99.00
98.00
98.50
98.50
98.25
98.25
98.75
99.00
98.50
99.00
98.50
98.75
98.50
98.50
99.00
99.00
98.25
98.50
98.25
98.25
98.25
98.00
98.00
98.50
98.00
98.00
98.50
97.75
98.50
98.00
98.00
98.00
97.75
98.00
97.75
98.00
97.50
97.50
97.75
97.25
98.00
97.00
97.50
97.50
97.50
97.75
97.25
97.50
97.25
97.75
98.00
97.75
97.50
97.75
97.75
97.50
97.50
98.00
98.00
97.50
97.75
97.75
97.75
97.25
97.00
97.00
97.00
97.00
96.75
97.25
97.50
97.00
97.75
97.00
97.50
97.25
97.50
97.75
97.00
97.25
