57.00
58.50
58.50
59.25
59.75
60.00
60.50
61.00
62.00
62.75
63.75
64.00
64.00
64.50
64.75
65.50
66.25
66.25
65.75
66.00
66.75
66.50
66.50
67.50
67.25
67.50
68.25
67.50
66.50
66.75
66.50
66.25
66.50
67.25
67.00
67.75
68.25
68.50
68.75
68.50
68.75
69.25
69.00
69.00
69.50
69.50
69.75
70.00
70.25
71.00
72.00
72.00
72.50
72.75
73.25
73.00
73.25
74.00
74.50
74.75
74.50
74.25
74.25
74.25
74.00
74.50
74.25
74.50
74.50
74.75
75.00
74.75
74.00
75.00
75.00
75.25
76.00
76.00
75.50
76.00
77.00
77.25
78.25
79.00
79.50
79.25
80.00
80.50
81.25
81.75
82.25
83.00
82.75
83.00
83.00
83.25
82.50
82.75
82.75
82.75
82.50
82.50
82.75
82.50
82.75
82.50
83.00
82.75
82.25
82.75
82.25
83.00
83.00
83.50
84.00
84.25
83.75
84.25
84.50
84.75
85.50
86.25
87.00
87.00
87.75
87.75
87.50
88.00
87.50
88.75
89.00
89.25
90.00
90.00
90.75
91.25
91.50
91.25
91.25
90.25
90.75
91.25
91.50
91.00
90.75
90.75
90.75
90.50
90.50
91.00
91.25
92.00
92.25
92.75
93.25
92.75
92.75
93.50
94.00
94.50
95.00
95.00
95.25
94.50
95.00
94.25
94.75
95.00
95.00
94.75
96.25
95.75
95.75
97.25
97.25
97.25
97.25
97.00
97.00
97.50
97.25
97.25
97.25
97.75
98.00
98.00
97.75
98.50
98.50
98.25
98.75
98.00
98.50
98.75
98.50
98.50
98.50
98.25
98.50
98.50
98.25
98.00
98.00
98.00
98.00
97.25
97.75
97.75
98.00
97.50
97.75
97.50
97.00
97.50
97.50
97.50
97.25
97.50
97.50
97.50
98.00
97.75
98.00
98.00
98.00
97.75
98.00
98.00
97.75
97.75
97.75
97.50
97.50
97.50
97.50
97.25
97.50
96.75
97.00
97.25
97.25
97.50
97.50
96.75
97.25
97.25
97.50
97.50
97.25
97.00
97.25
97.25
96.75
97.25
97.00
96.75
96.75
97.00
96.75
97.00
96.75
97.00
96.50
96.75
96.75
96.75
96.50
96.75
96.50
96.25
96.50
97.25
96.75
96.50
96.50
96.75
96.50
96.50
96.50
96.50
96.25
96.75
96.50
96.25
96.75
96.25
96.00
96.50
95.75
95.75
96.00
96.00
95.75
96.00
96.00
96.00
95.50
96.00
96.00
95.75
95.25
96.00
95.25
95.75
96.00
96.00
95.75
95.50
95.75
95.50
95.75
96.00
95.50
95.75
95.75
95.50
95.75
95.00
95.75
95.50
95.75
95.50
95.50
96.00
95.75
95.75
95.00
95.25
95.50
95.75
95.25
95.25
95.25
95.50
95.25
94.75
95.25
95.00
95.00
95.25
94.75
95.25
95.00
94.75
95.25
95.00
95.25
95.25
95.00
95.50
96.00
95.50
96.00
96.25
96.00
95.75
95.00
95.25
95.50
95.75
96.50
96.50
97.25
98.25
98.50
98.50
99.00
98.75
98.75
98.75
98.50
98.75
98.00
98.25
98.50
99.50
99.25
98.50
98.75
98.75
98.00
98.75
98.25
99.75
99.50
99.50
99.50
99.75
99.25
99.50
99.50
98.75
99.25
99.50
99.00
99.50
98.75
99.50
99.50
99.00
99.00
99.50
98.75
99.25
99.00
99.00
99.00
99.00
99.00
98.75
99.00
98.50
98.75
99.00
99.25
98.75
98.75
98.50
99.00
98.75
98.75
99.00
99.00
98.75
98.50
98.75
98.00
98.50
97.75
98.00
98.75
98.50
98.25
98.75
98.25
98.75
98.25
98.50
98.00
98.25
98.25
97.75
98.00
98.00
98.00
98.00
98.25
97.75
98.25
98.00
97.50
97.75
98.00
97.75
98.00
98.00
97.75
97.50
97.50
97.50
97.50
97.50
97.00
97.75
97.00
97.50
97.50
97.50
97.75
97.75
97.75
98.25
98.25
98.25
98.00
98.00
97.75
97.75
98.00
98.25
97.75
98.25
97.75
97.75
97.50
98.00
97.25
97.00
96.25
96.50
96.75
96.75
96.75
96.50
97.00
97.00
97.00
97.50
97.00
97.25
97.25
97.50
97.75
97.75
97.50
97.75
97.50
97.25
97.50
97.75
97.75
97.50
97.75
97.25
97.50
97.50
97.00
97.25
97.25
96.50
97.00
97.25
97.50
97.25
96.75
97.00
97.00
97.00
96.25
96.75
96.75
97.00
97.25
97.25
97.00
97.00
97.00
96.75
96.75
97.00
97.00
96.75
96.50
96.75
97.00
96.25
96.25
96.75
96.75
96.25
96.50
96.50
96.50
96.50
96.50
96.25
96.50
96.00
96.25
96.25
96.25
96.00
95.75
96.25
96.00
96.00
96.00
96.50
96.25
96.75
96.25
96.25
96.50
96.00
96.25
95.50
96.25
95.75
96.00
96.00
95.75
96.00
95.50
96.00
95.25
96.00
95.25
95.25
95.25
95.50
95.75
95.25
95.75
96.00
95.25
95.75
95.75
95.75
95.50
95.50
95.25
95.50
95.25
95.25
95.25
95.25
95.50
95.50
94.75
95.00
95.25
95.00
94.75
95.00
95.25
95.25
95.25
95.25
95.50
95.50
95.25
95.75
95.50
94.75
95.00
95.00
95.25
95.50
95.75
95.50
94.75
95.25
95.25
95.75
95.25
95.25
94.75
95.25
95.75
95.25
95.00
95.50
95.25
95.25
95.75
95.50
96.25
96.00
96.00
95.25
95.75
95.75
96.00
96.25
95.50
96.75
96.75
97.25
98.25
98.75
98.50
98.75
98.50
99.00
98.75
98.75
99.50
99.50
99.50
99.00
98.75
98.75
98.75
98.75
99.00
99.00
99.00
99.00
99.00
98.25
99.00
98.50
98.50
98.75
98.75
98.75
99.00
98.50
98.50
98.50
99.00
99.00
98.75
98.75
98.00
98.25
98.75
97.75
99.00
98.50
98.25
98.50
98.75
98.50
98.25
98.50
98.75
98.50
98.50
98.00
98.50
98.50
98.50
98.25
97.75
97.75
97.75
98.25
97.50
97.50
98.25
98.25
98.00
97.75
97.00
97.75
98.00
97.50
98.00
97.00
97.25
97.25
98.00
97.75
98.00
98.25
98.50
98.50
98.25
98.50
98.50
98.25
98.00
98.25
98.50
98.25
98.00
98.25
97.75
98.25
98.25
97.75
98.00
98.25
98.00
98.00
98.00
97.75
98.00
97.75
97.50
97.75
97.25
97.50
97.75
97.75
97.50
97.25
97.50
97.25
97.50
97.50
