77.50
77.50
78.25
78.00
78.75
79.00
79.75
80.50
81.25
81.00
81.75
81.25
82.50
82.50
82.25
83.00
83.00
83.00
84.00
83.75
84.00
84.25
84.75
84.75
84.25
85.00
84.00
85.75
85.00
85.50
86.00
86.00
87.00
86.75
87.75
87.00
88.50
88.50
89.00
89.50
89.00
90.50
90.50
90.75
92.25
92.00
92.50
91.75
91.00
91.75
90.75
91.75
93.00
92.50
93.50
93.75
93.75
94.50
94.75
94.75
94.75
94.25
94.75
94.50
93.75
94.25
93.75
93.25
94.25
94.00
94.25
93.75
93.75
95.25
95.50
95.75
96.00
96.25
96.75
96.75
96.50
96.50
96.50
96.25
96.25
96.00
96.25
96.50
96.50
96.25
96.50
96.75
96.75
96.50
96.75
96.25
96.25
97.00
96.75
96.75
96.50
96.75
96.75
96.75
96.75
96.75
96.75
96.75
97.00
97.00
97.00
96.25
97.25
97.25
96.50
96.50
96.50
96.50
96.75
96.75
97.00
96.75
96.75
96.75
96.50
96.75
96.50
96.75
96.75
96.75
96.25
96.25
96.50
96.75
96.50
96.00
96.25
96.75
96.25
95.75
96.00
95.75
96.00
95.50
95.75
95.50
95.50
95.75
95.75
95.50
95.50
95.75
95.75
95.50
95.50
95.00
95.25
95.50
95.00
95.00
95.00
95.00
95.25
95.50
95.50
95.25
95.25
95.25
95.50
95.25
95.50
95.25
94.75
94.75
94.50
95.25
95.00
95.50
95.25
95.25
95.50
95.25
95.25
95.75
95.50
95.25
95.75
95.75
95.75
95.75
95.00
95.25
94.75
95.25
95.50
95.50
95.50
95.50
95.50
95.50
95.00
95.25
95.25
95.25
95.50
94.50
95.50
95.00
94.75
95.75
95.50
95.25
95.00
96.00
95.75
95.75
96.25
95.50
96.50
96.25
97.00
96.75
97.00
98.25
98.00
97.50
98.25
98.50
98.50
98.00
99.00
98.75
98.50
99.00
98.25
98.75
99.00
98.00
98.00
98.75
98.25
99.00
98.75
98.50
99.00
98.50
98.75
99.00
98.50
98.25
99.00
99.00
98.25
98.75
98.50
98.50
99.00
98.75
98.75
98.50
98.25
98.50
98.75
98.75
98.25
98.25
98.00
98.00
98.25
98.25
98.25
98.25
98.25
98.50
97.75
98.50
98.00
98.25
98.25
98.25
98.25
98.25
97.75
98.00
98.00
98.50
98.25
98.25
98.25
98.25
97.75
97.75
97.50
97.75
98.00
98.25
97.50
98.25
98.00
97.75
97.75
97.25
97.75
97.50
98.00
98.00
97.75
97.50
97.50
97.75
97.25
97.50
97.50
97.25
97.50
97.50
97.50
97.00
97.25
97.00
96.75
97.25
97.25
97.25
97.00
97.25
97.75
98.00
97.75
97.75
97.75
97.75
97.50
97.75
97.50
97.25
97.75
97.50
97.25
97.50
97.00
97.50
97.25
97.25
97.25
97.25
97.50
97.00
97.25
97.00
97.00
96.75
97.00
96.75
97.00
97.00
96.75
97.00
96.75
96.50
97.25
96.50
96.50
97.00
96.25
96.50
96.50
96.25
96.25
96.75
96.25
96.75
96.75
96.75
96.50
96.75
96.50
96.50
96.75
96.25
96.75
96.50
96.75
96.75
96.25
96.00
96.25
96.25
96.50
96.25
96.25
96.25
96.00
96.50
96.00
96.00
96.00
96.00
95.75
96.25
95.75
95.75
96.25
96.50
95.75
96.00
96.00
95.50
95.75
96.25
96.00
95.25
96.25
95.75
96.00
95.75
96.00
95.50
96.00
95.50
95.50
95.50
96.00
95.75
95.50
96.00
95.00
95.50
95.75
95.00
95.75
96.00
95.50
95.75
95.50
95.50
95.50
95.25
95.50
95.25
95.25
95.50
95.00
95.25
95.25
95.00
94.75
95.50
95.00
95.25
95.25
94.75
95.25
94.75
94.75
95.25
95.75
95.00
95.25
95.25
95.50
95.50
95.25
95.75
95.75
95.75
95.75
95.50
95.50
95.50
95.50
95.75
95.25
95.00
95.50
95.00
95.00
95.75
95.75
95.75
95.00
96.00
96.00
96.00
96.50
96.00
97.00
97.00
97.25
97.00
97.75
98.50
98.75
99.25
99.25
99.50
99.25
99.25
99.50
99.50
99.50
99.50
99.75
99.50
99.00
99.50
99.75
99.50
98.75
99.00
99.00
99.00
99.25
99.25
98.75
98.75
99.00
98.25
98.75
98.75
98.75
98.25
99.25
99.00
98.75
99.00
99.00
99.00
98.75
